Iter | Sampling Pol | Evaluation Pol | Best (Sampled) 
   0 -2.16 -4.08 -100000000.00 
   1 -0.64 -3.19 -2.16 
   2 -1.19 -3.33 -0.64 
   3  1.07 -2.31 -0.64 
   4 -0.94  1.90  1.07 
   5 -1.75  4.00  1.07 
   6 -0.98  9.91  1.07 
   7 -1.62  6.45  1.07 
   8 -0.65  6.71  1.07 
   9 -3.27  8.59  1.07 
  10 -1.51  5.10  1.07 
  11 -1.14  4.16  1.07 
  12 -0.74  4.27  1.07 
  13 -1.56  4.60  1.07 
  14 -2.25  4.31  1.07 
  15 -1.22 -0.23  1.07 
  16 -2.30 -3.15  1.07 
  17 -2.74 -0.51  1.07 
  18 -2.32 -0.99  1.07 
  19 -3.54 -3.29  1.07 
  20 -2.92 -3.24  1.07 
  21 -3.83 -3.22  1.07 
  22 -3.50 -3.22  1.07 
  23 -4.01 -3.22  1.07 
  24 -3.60 -3.22  1.07 
  25 -3.42 -3.26  1.07 
  26 -2.86 -3.29  1.07 
  27 -4.17 -3.29  1.07 
  28 -3.67 -3.29  1.07 
  29 -3.86 -3.29  1.07 
  30 -4.16 -3.29  1.07 
  31 -3.87 -3.29  1.07 
  32 -3.50 -3.29  1.07 
  33 -3.59 -3.33  1.07 
  34 -4.16 -3.33  1.07 
  35 -3.64 -3.38  1.07 
  36 -3.35 -3.38  1.07 
  37 -4.42 -3.38  1.07 
  38 -3.93 -3.38  1.07 
  39 -4.05 -3.34  1.07 
  40 -4.20 -3.34  1.07 
  41 -4.25 -3.34  1.07 
  42 -4.26 -3.34  1.07 
  43 -4.35 -3.34  1.07 
  44 -4.20 -3.34  1.07 
  45 -4.09 -3.34  1.07 
  46 -3.67 -3.34  1.07 
  47 -4.00 -3.34  1.07 
  48 -3.92 -3.34  1.07 
  49 -4.17 -3.34  1.07 
  50 -4.44 -3.34  1.07 
  51 -4.04 -3.34  1.07 
  52 -3.46 -3.34  1.07 
  53 -3.85 -3.34  1.07 
  54 -4.16 -3.34  1.07 
  55 -3.98 -3.34  1.07 
  56 -4.16 -3.34  1.07 
  57 -4.08 -3.34  1.07 
  58 -4.28 -3.34  1.07 
  59 -3.78 -3.34  1.07 
  60 -3.83 -3.34  1.07 
  61 -3.87 -3.34  1.07 
  62 -4.15 -3.34  1.07 
  63 -3.71 -3.34  1.07 
  64 -3.83 -3.34  1.07 
  65 -4.12 -3.34  1.07 
  66 -3.93 -3.34  1.07 
  67 -3.78 -3.34  1.07 
  68 -4.11 -3.34  1.07 
  69 -4.20 -3.34  1.07 
  70 -4.18 -3.34  1.07 
  71 -3.58 -3.34  1.07 
  72 -4.10 -3.34  1.07 
  73 -4.27 -3.34  1.07 
  74 -4.13 -3.34  1.07 
  75 -3.87 -3.34  1.07 
  76 -3.05 -3.34  1.07 
  77 -4.13 -3.34  1.07 
  78 -4.07 -3.34  1.07 
  79 -4.06 -3.34  1.07 
  80 -3.94 -3.34  1.07 
  81 -4.06 -3.34  1.07 
  82 -4.15 -3.34  1.07 
  83 -4.15 -3.34  1.07 
  84 -4.19 -3.34  1.07 
  85 -4.01 -3.34  1.07 
  86 -4.26 -3.34  1.07 
  87 -4.09 -3.34  1.07 
  88 -4.09 -3.34  1.07 
  89 -4.23 -3.34  1.07 
  90 -4.23 -3.34  1.07 
  91 -3.96 -3.34  1.07 
  92 -4.13 -3.34  1.07 
  93 -4.03 -3.34  1.07 
  94 -3.75 -3.34  1.07 
  95 -3.95 -3.34  1.07 
  96 -3.89 -3.34  1.07 
  97 -4.25 -3.34  1.07 
  98 -4.01 -3.34  1.07 
  99 -4.07 -3.34  1.07 
 100 -4.21 -3.34  1.07 
 101 -4.16 -3.34  1.07 
 102 -4.18 -3.34  1.07 
 103 -4.01 -3.34  1.07 
 104 -4.10 -3.34  1.07 
 105 -4.17 -3.34  1.07 
 106 -4.04 -3.34  1.07 
 107 -4.38 -3.34  1.07 
 108 -4.12 -3.34  1.07 
 109 -3.95 -3.34  1.07 
 110 -3.96 -3.34  1.07 
 111 -4.14 -3.34  1.07 
 112 -4.39 -3.34  1.07 
 113 -4.00 -3.34  1.07 
 114 -4.08 -3.34  1.07 
 115 -4.25 -3.34  1.07 
 116 -4.09 -3.27  1.07 
 117 -3.86 -3.27  1.07 
 118 -4.29 -3.27  1.07 
 119 -3.79 -3.27  1.07 
 120 -3.72 -3.27  1.07 
 121 -4.11 -3.27  1.07 
 122 -3.95 -3.27  1.07 
 123 -3.57 -3.27  1.07 
 124 -4.28 -3.27  1.07 
 125 -4.11 -3.41  1.07 
 126 -4.21 -3.41  1.07 
 127 -3.98 -3.41  1.07 
 128 -4.23 -3.41  1.07 
 129 -4.19 -3.41  1.07 
 130 -3.95 -3.41  1.07 
 131 -4.22 -3.41  1.07 
 132 -4.23 -3.41  1.07 
 133 -3.79 -3.41  1.07 
 134 -4.16 -3.41  1.07 
 135 -4.07 -3.41  1.07 
 136 -3.92 -3.41  1.07 
 137 -4.26 -3.41  1.07 
 138 -3.73 -3.41  1.07 
 139 -4.00 -3.41  1.07 
 140 -3.96 -3.41  1.07 
 141 -4.09 -3.41  1.07 
 142 -3.76 -3.41  1.07 
 143 -4.32 -3.41  1.07 
 144 -3.65 -3.41  1.07 
 145 -3.90 -3.41  1.07 
 146 -4.24 -3.41  1.07 
 147 -3.78 -3.41  1.07 
 148 -4.07 -3.41  1.07 
 149 -4.22 -3.41  1.07 
 150 -3.95 -3.41  1.07 
