Iter | Sampling Pol | Evaluation Pol | Best (Sampled) 
   0 -2.16 -4.51 -100000000.00 
   1 -1.41 -4.09 -2.16 
   2 -1.81 -4.09 -1.41 
   3 -1.86 -3.93 -1.41 
   4  3.85 -3.09 -1.41 
   5 -1.75 -2.05  3.85 
   6 -2.94 -0.04  3.85 
   7  4.60 -0.89  3.85 
   8 -2.31 -0.43  4.60 
   9  0.34 -0.75  4.60 
  10  0.64  2.28  4.60 
  11 -0.88 -1.54  4.60 
  12  0.29  3.76  4.60 
  13  5.30  2.88  4.60 
  14  9.12  4.27  5.30 
  15  0.37 11.20  9.12 
  16  6.87  7.69  9.12 
  17  2.65 30.61  9.12 
  18  8.19 16.70  9.12 
  19  2.31 26.17  9.12 
  20  3.55 27.89  9.12 
  21  0.37 31.99  9.12 
  22  5.56 22.41  9.12 
  23  1.65 22.40  9.12 
  24  5.18 23.18  9.12 
  25  3.14 28.67  9.12 
  26 15.77 25.38  9.12 
  27 14.02 46.86 15.77 
  28 11.67 32.09 15.77 
  29 14.00 39.72 15.77 
  30 12.22 32.50 15.77 
  31  9.18 34.23 15.77 
  32 14.99 33.30 15.77 
  33 11.92 52.30 15.77 
  34 15.11 46.50 15.77 
  35 23.90 58.92 15.77 
  36 15.61 39.75 23.90 
  37 14.85 29.82 23.90 
  38 19.69 59.85 23.90 
  39 25.31 57.10 23.90 
  40 14.48 55.08 25.31 
  41 15.99 53.14 25.31 
  42 19.82 47.88 25.31 
  43 17.15 87.76 25.31 
  44 35.28 70.14 25.31 
  45 41.35 69.25 35.28 
  46 29.67 61.83 41.35 
  47 29.05 93.37 41.35 
  48 46.32 98.72 41.35 
  49 54.95 71.17 46.32 
  50 36.64 72.23 54.95 
  51 46.07 81.56 54.95 
  52 35.55 109.07 54.95 
  53 47.78 103.95 54.95 
  54 60.78 65.67 54.95 
  55 80.78 112.88 60.78 
  56 58.14 65.48 80.78 
  57 73.91 86.23 80.78 
  58 69.74 80.37 80.78 
  59 102.48 93.78 80.78 
  60 86.48 154.60 102.48 
  61 104.68 163.96 102.48 
  62 100.94 125.54 104.68 
  63 94.55 171.29 104.68 
  64 126.04 242.87 104.68 
  65 125.07 205.41 126.04 
  66 158.28 217.57 126.04 
  67 118.77 172.66 158.28 
  68 164.16 165.58 158.28 
  69 170.50 215.17 164.16 
  70 129.31 243.18 170.50 
  71 189.86 287.06 170.50 
  72 258.03 298.59 189.86 
  73 249.47 519.61 258.03 
  74 242.10 615.12 258.03 
  75 221.73 560.86 258.03 
  76 307.97 521.00 258.03 
  77 354.63 575.20 307.97 
  78 383.24 622.48 354.63 
  79 364.31 667.16 383.24 
  80 388.78 879.28 383.24 
  81 404.17 772.51 388.78 
  82 455.65 968.36 404.17 
  83 483.95 1014.55 455.65 
  84 537.44 1289.44 483.95 
  85 495.33 1041.72 537.44 
  86 634.02 1269.51 537.44 
  87 632.88 1048.25 634.02 
  88 697.88 1151.39 634.02 
  89 807.04 1109.10 697.88 
  90 644.79 1219.93 807.04 
  91 877.06 1322.19 807.04 
  92 805.89 1325.45 877.06 
  93 763.84 1463.48 877.06 
  94 989.14 1609.16 877.06 
  95 1036.67 1602.81 989.14 
  96 1104.15 1719.73 1036.67 
  97 1171.00 1666.63 1104.15 
  98 1293.45 1507.62 1171.00 
  99 1295.26 1668.58 1293.45 
 100 1337.85 1924.91 1295.26 
 101 1531.79 2030.33 1337.85 
 102 1343.66 2148.61 1531.79 
 103 1554.07 2293.41 1531.79 
 104 1394.19 2463.80 1554.07 
 105 1613.26 2337.58 1554.07 
 106 1616.99 2339.80 1613.26 
 107 1494.90 2714.25 1616.99 
 108 1637.51 2556.97 1616.99 
 109 1866.76 2869.70 1637.51 
 110 1866.26 2999.03 1866.76 
 111 1862.26 2572.18 1866.76 
 112 1966.44 2814.11 1866.76 
 113 2116.95 2849.45 1966.44 
 114 1963.68 2780.77 2116.95 
 115 2098.52 2804.31 2116.95 
 116 2148.25 2569.44 2116.95 
 117 2289.96 2614.23 2148.25 
 118 2237.84 2654.19 2289.96 
 119 2246.74 2847.41 2289.96 
 120 2154.90 2814.05 2289.96 
 121 2486.92 2927.60 2289.96 
 122 2529.38 2940.31 2486.92 
 123 2567.72 2910.48 2529.38 
 124 2488.91 3179.95 2567.72 
 125 2439.79 3200.88 2567.72 
 126 2829.27 3017.30 2567.72 
 127 2595.82 3026.18 2829.27 
 128 2757.70 2969.10 2829.27 
 129 2774.28 3017.33 2829.27 
 130 2828.62 2832.41 2829.27 
 131 2787.63 3194.17 2829.27 
 132 2956.07 2993.31 2829.27 
 133 2868.93 2754.65 2956.07 
 134 2996.23 2862.86 2956.07 
 135 3105.76 3235.17 2996.23 
 136 3051.34 3262.29 3105.76 
 137 3013.47 3318.49 3105.76 
 138 3140.57 3116.74 3105.76 
 139 3284.19 3173.29 3140.57 
 140 3116.73 3203.03 3284.19 
 141 3238.86 3104.34 3284.19 
 142 3182.87 3078.64 3284.19 
 143 3266.73 2913.66 3284.19 
 144 3198.12 3156.03 3284.19 
 145 3155.19 3237.98 3284.19 
 146 3360.73 3266.24 3284.19 
 147 3330.84 3277.34 3360.73 
 148 3408.73 3177.81 3360.73 
 149 3437.57 3174.36 3408.73 
 150 3335.52 3040.08 3437.57 
 151 3331.03 3140.86 3437.57 
 152 3407.99 3166.86 3437.57 
 153 3455.03 3325.25 3437.57 
 154 3462.42 3228.59 3455.03 
 155 3518.44 3248.17 3462.42 
 156 3463.06 3293.11 3518.44 
 157 3556.58 3236.78 3518.44 
 158 3622.27 3284.60 3556.58 
 159 3604.59 3511.61 3622.27 
 160 3590.39 3558.59 3622.27 
 161 3597.94 3544.26 3622.27 
 162 3614.92 3531.15 3622.27 
 163 3628.18 3621.55 3622.27 
 164 3610.91 3671.44 3628.18 
 165 3623.34 3523.71 3628.18 
 166 3756.94 3609.49 3628.18 
 167 3627.42 3672.76 3756.94 
 168 3672.98 3515.83 3756.94 
 169 3645.15 3660.61 3756.94 
 170 3697.74 3289.21 3756.94 
 171 3688.74 3515.06 3756.94 
 172 3837.94 3559.06 3756.94 
 173 3807.87 3668.50 3837.94 
 174 3760.64 3506.67 3837.94 
 175 3702.82 3604.83 3837.94 
 176 3866.25 3756.89 3837.94 
 177 3788.72 3606.58 3866.25 
 178 3674.75 3827.39 3866.25 
 179 3808.77 3504.20 3866.25 
 180 3804.83 3709.98 3866.25 
 181 3885.57 3831.33 3866.25 
 182 3846.29 3894.48 3885.57 
 183 3835.51 3877.77 3885.57 
 184 3759.81 4073.37 3885.57 
 185 3746.66 3737.89 3885.57 
 186 3876.32 3969.75 3885.57 
 187 3853.57 4035.05 3885.57 
 188 3869.74 4008.22 3885.57 
 189 3830.60 3797.21 3885.57 
 190 3726.59 3936.49 3885.57 
 191 3780.42 3846.47 3885.57 
 192 3913.33 3748.07 3885.57 
 193 3932.79 3611.78 3913.33 
 194 3873.46 3736.15 3932.79 
 195 3910.72 3715.08 3932.79 
 196 3900.38 3600.89 3932.79 
 197 3939.47 3701.30 3932.79 
 198 3956.77 3434.00 3939.47 
 199 3860.93 3515.74 3956.77 
 200 3980.73 3415.44 3956.77 
