Iter | Sampling Pol | Evaluation Pol | Best (Sampled) 
   0 -2.16 -4.09 -100000000.00 
   1 -1.46 -3.25 -2.16 
   2 -2.71 -3.38 -1.46 
   3 -1.55 -3.58 -1.46 
   4 -1.27 -3.16 -1.46 
   5 -2.41 -1.56 -1.27 
   6 -1.93 -0.57 -1.27 
   7 -2.49 -3.43 -1.27 
   8 -0.55 -0.91 -1.27 
   9 -2.18 -0.45 -0.55 
  10 -0.23 -1.60 -0.55 
  11 -1.00  7.27 -0.23 
  12 -1.03  3.83 -0.23 
  13  0.92  2.23 -0.23 
  14 -1.33  8.03  0.92 
  15  3.52 -1.38  0.92 
  16  5.16  1.00  3.52 
  17  2.73  2.63  5.16 
  18 -0.59  2.07  5.16 
  19  1.52  0.60  5.16 
  20 -1.33  4.03  5.16 
  21 -2.13  3.24  5.16 
  22  1.79  0.39  5.16 
  23  8.15  1.27  5.16 
  24  2.11  1.59  8.15 
  25 -0.36  7.03  8.15 
  26  9.04 -0.22  8.15 
  27  1.22  3.81  9.04 
  28  1.74 31.13  9.04 
  29  1.66 10.11  9.04 
  30  1.58 43.10  9.04 
  31 11.04 13.87  9.04 
  32  7.36  6.03 11.04 
  33  5.28 20.38 11.04 
  34  9.59  9.08 11.04 
  35  4.72  9.10 11.04 
  36  5.46 12.85 11.04 
  37  0.93 49.86 11.04 
  38  8.76 69.38 11.04 
  39 12.56 34.34 11.04 
  40 15.04 32.78 12.56 
  41  6.43  9.33 15.04 
  42  8.89 75.23 15.04 
  43 12.44 88.42 15.04 
  44  8.83 33.41 15.04 
  45  7.22 84.22 15.04 
  46 14.56 76.33 15.04 
  47  8.39 86.13 15.04 
  48 11.69 28.22 15.04 
  49  8.85 37.91 15.04 
  50 13.62 26.25 15.04 
  51 10.39 15.10 15.04 
  52 27.05 50.77 15.04 
  53 17.65 131.88 27.05 
  54 34.42 78.83 27.05 
  55 16.42 74.83 34.42 
  56 23.13 25.53 34.42 
  57 31.05 64.74 34.42 
  58 17.40 53.22 34.42 
  59 29.47 111.60 34.42 
  60 32.80 66.15 34.42 
  61 32.55 72.36 34.42 
  62 27.84 72.67 34.42 
  63 37.08 86.81 34.42 
  64 31.90 39.61 37.08 
  65 34.22 80.15 37.08 
  66 43.32 69.49 37.08 
  67 29.64 85.69 43.32 
  68 40.59 75.49 43.32 
  69 60.40 112.17 43.32 
  70 34.97 104.11 60.40 
  71 41.46 168.13 60.40 
  72 64.29 74.94 60.40 
  73 49.96 71.65 64.29 
  74 87.52 85.76 64.29 
  75 71.39 125.18 87.52 
  76 79.07 111.50 87.52 
  77 43.54 153.25 87.52 
  78 66.07 128.78 87.52 
  79 78.36 107.19 87.52 
  80 73.41 96.22 87.52 
  81 82.97 99.59 87.52 
  82 79.70 165.37 87.52 
  83 119.75 316.02 87.52 
  84 164.47 291.60 119.75 
  85 150.25 219.02 164.47 
  86 153.92 184.38 164.47 
  87 173.18 212.26 164.47 
  88 164.23 242.07 173.18 
  89 206.30 296.48 173.18 
  90 212.10 323.53 206.30 
  91 275.84 305.65 212.10 
  92 198.63 303.63 275.84 
  93 285.30 311.17 275.84 
  94 240.08 455.15 285.30 
  95 350.69 350.58 285.30 
  96 283.82 405.34 350.69 
  97 314.90 431.53 350.69 
  98 366.65 526.99 350.69 
  99 366.65 509.41 366.65 
 100 403.83 389.05 366.65 
 101 518.62 451.90 403.83 
 102 404.57 461.10 518.62 
 103 541.14 555.12 518.62 
 104 477.59 648.17 541.14 
 105 574.52 639.61 541.14 
 106 561.86 744.49 574.52 
 107 569.07 562.16 574.52 
 108 580.90 616.28 574.52 
 109 587.32 762.51 580.90 
 110 686.84 829.92 587.32 
 111 660.46 754.91 686.84 
 112 758.83 978.25 686.84 
 113 835.39 1037.00 758.83 
 114 864.96 951.47 835.39 
 115 868.78 1103.88 864.96 
 116 837.87 1201.57 868.78 
 117 922.32 1217.03 868.78 
 118 948.08 1235.79 922.32 
 119 941.37 1179.71 948.08 
 120 1113.33 1309.09 948.08 
 121 1174.44 1256.54 1113.33 
 122 1162.07 1295.03 1174.44 
 123 1268.70 1420.26 1174.44 
 124 1328.45 1585.27 1268.70 
 125 1307.85 1544.36 1328.45 
 126 1360.35 1771.47 1328.45 
 127 1341.17 1757.33 1360.35 
 128 1468.32 1778.84 1360.35 
 129 1516.21 1812.04 1468.32 
 130 1679.97 1969.01 1516.21 
 131 1531.91 2053.83 1679.97 
 132 1708.15 2181.09 1679.97 
 133 1782.00 2092.98 1708.15 
 134 1746.63 2162.68 1782.00 
 135 1843.90 2029.16 1782.00 
 136 1889.27 2211.20 1843.90 
 137 1844.93 2228.89 1889.27 
 138 1987.49 2208.27 1889.27 
 139 2065.28 2161.38 1987.49 
 140 2042.81 2411.56 2065.28 
 141 2259.94 2445.75 2065.28 
 142 2165.49 2663.77 2259.94 
 143 2257.62 2414.80 2259.94 
 144 2077.77 2690.60 2259.94 
 145 2170.94 2753.59 2259.94 
 146 2427.87 2708.76 2259.94 
 147 2335.60 3064.37 2427.87 
 148 2557.38 2564.07 2427.87 
 149 2558.71 2641.05 2557.38 
 150 2601.80 2684.37 2558.71 
 151 2526.79 2809.69 2601.80 
 152 2640.14 3037.54 2601.80 
 153 2712.66 3108.21 2640.14 
 154 2648.23 3107.30 2712.66 
 155 2880.87 2951.77 2712.66 
 156 2797.23 3010.45 2880.87 
 157 2929.63 2941.98 2880.87 
 158 2864.60 3040.63 2929.63 
 159 2880.41 2946.09 2929.63 
 160 2877.42 2908.92 2929.63 
 161 2965.70 2947.77 2929.63 
 162 2956.24 3050.22 2965.70 
 163 2920.88 2898.75 2965.70 
 164 3141.10 3112.43 2965.70 
 165 3143.67 3235.47 3141.10 
 166 3310.21 3439.03 3143.67 
 167 3091.18 3435.03 3310.21 
 168 3101.03 3309.68 3310.21 
 169 3155.94 3408.50 3310.21 
 170 3242.71 3461.43 3310.21 
 171 3226.06 3372.14 3310.21 
 172 3406.07 3401.77 3310.21 
 173 3353.65 3211.26 3406.07 
 174 3368.96 3033.63 3406.07 
 175 3324.83 3568.59 3406.07 
 176 3348.86 3587.59 3406.07 
 177 3409.34 3659.95 3406.07 
 178 3355.72 3469.64 3409.34 
 179 3407.28 3285.85 3409.34 
 180 3410.90 3432.96 3409.34 
 181 3513.20 3657.45 3410.90 
 182 3514.10 3646.95 3513.20 
 183 3407.75 3479.00 3514.10 
 184 3453.23 3488.13 3514.10 
 185 3394.88 3470.45 3514.10 
 186 3517.50 3560.11 3514.10 
 187 3448.88 3752.09 3517.50 
 188 3522.31 3814.66 3517.50 
 189 3431.75 3617.50 3522.31 
 190 3475.15 3593.53 3522.31 
 191 3558.17 3606.56 3522.31 
 192 3541.91 3675.67 3558.17 
 193 3567.90 3702.24 3558.17 
 194 3610.88 3817.50 3567.90 
 195 3613.72 3804.25 3610.88 
 196 3555.67 3759.25 3613.72 
 197 3749.31 3746.54 3613.72 
 198 3701.63 3736.95 3749.31 
 199 3655.17 3809.33 3749.31 
 200 3662.17 3741.21 3749.31 
 201 3658.00 3650.43 3749.31 
 202 3720.35 3812.16 3749.31 
 203 3652.83 3835.38 3749.31 
 204 3683.68 3816.66 3749.31 
 205 3611.97 3781.48 3749.31 
 206 3747.18 3690.13 3749.31 
 207 3706.37 3763.45 3749.31 
 208 3654.21 3610.17 3749.31 
 209 3781.31 3838.34 3749.31 
 210 3674.32 3890.32 3781.31 
 211 3886.15 3998.97 3781.31 
 212 3811.92 3979.24 3886.15 
 213 3803.83 4063.88 3886.15 
 214 3822.54 4054.29 3886.15 
 215 3835.70 3916.81 3886.15 
 216 3832.04 3968.78 3886.15 
 217 3911.75 3956.56 3886.15 
 218 3886.13 4124.51 3911.75 
 219 3944.45 4029.08 3911.75 
 220 3803.85 4080.54 3944.45 
 221 3867.21 4158.43 3944.45 
 222 3900.88 3937.88 3944.45 
 223 3856.45 4038.69 3944.45 
 224 3881.98 3945.77 3944.45 
 225 3885.53 4006.86 3944.45 
 226 3896.48 4001.72 3944.45 
 227 3885.77 4072.78 3944.45 
 228 3938.91 4121.65 3944.45 
 229 3926.46 4071.42 3944.45 
 230 3962.29 4157.54 3944.45 
 231 3974.08 4126.37 3962.29 
 232 3983.10 4112.80 3974.08 
 233 3884.45 4141.82 3983.10 
 234 3976.92 4122.07 3983.10 
 235 3873.04 4155.20 3983.10 
 236 3988.45 4180.16 3983.10 
 237 3917.80 4221.66 3988.45 
 238 4031.68 4243.31 3988.45 
 239 4055.62 4272.02 4031.68 
 240 3979.76 4253.71 4055.62 
 241 4028.94 4190.49 4055.62 
 242 4087.39 4188.70 4055.62 
 243 4060.77 4172.58 4087.39 
 244 4030.14 4258.94 4087.39 
 245 4039.74 4298.39 4087.39 
 246 3964.21 4286.73 4087.39 
 247 4010.10 4266.43 4087.39 
 248 4071.04 4241.97 4087.39 
 249 3924.21 4328.56 4087.39 
 250 4024.15 4279.21 4087.39 
 251 4046.08 4293.43 4087.39 
 252 4000.55 4347.01 4087.39 
 253 3960.70 4342.76 4087.39 
 254 4112.53 4321.09 4087.39 
 255 4127.16 4278.10 4112.53 
 256 4093.71 4273.46 4127.16 
 257 4042.04 4308.72 4127.16 
 258 4074.21 4308.00 4127.16 
 259 4025.92 4327.50 4127.16 
 260 4032.32 4334.64 4127.16 
 261 4102.69 4302.85 4127.16 
 262 4114.52 4201.81 4127.16 
 263 4231.76 4199.15 4127.16 
 264 4164.27 4170.04 4231.76 
 265 4130.85 4185.28 4231.76 
 266 4117.72 4200.46 4231.76 
 267 4004.69 4275.49 4231.76 
 268 4177.14 4283.72 4231.76 
 269 4061.60 4287.92 4231.76 
 270 4048.23 4221.81 4231.76 
 271 4178.23 4206.55 4231.76 
 272 4207.34 4244.49 4231.76 
 273 4184.68 4209.32 4231.76 
 274 4026.00 4156.85 4231.76 
 275 4244.38 4216.30 4231.76 
 276 4107.64 4012.23 4244.38 
 277 4197.43 4291.01 4244.38 
 278 4204.83 4281.00 4244.38 
 279 4162.05 4264.17 4244.38 
 280 4169.76 4225.16 4244.38 
 281 4219.00 4078.55 4244.38 
 282 4181.28 4316.29 4244.38 
 283 4235.86 4232.40 4244.38 
 284 4250.56 4265.13 4244.38 
 285 4320.15 4351.05 4250.56 
 286 4232.30 4292.40 4320.15 
 287 4212.12 4253.08 4320.15 
 288 4224.65 4237.43 4320.15 
 289 4232.91 4130.55 4320.15 
 290 4280.13 4279.44 4320.15 
 291 4249.22 4259.24 4320.15 
 292 4193.97 4223.49 4320.15 
 293 4254.37 4214.97 4320.15 
 294 4322.57 4256.14 4320.15 
 295 4290.47 4404.24 4322.57 
 296 4289.25 4379.67 4322.57 
 297 4270.51 4422.62 4322.57 
 298 4316.64 4404.43 4322.57 
 299 4269.36 4493.07 4322.57 
 300 4299.14 4519.40 4322.57 
 301 4274.53 4431.11 4322.57 
 302 4330.38 4506.06 4322.57 
 303 4332.24 4459.95 4330.38 
 304 4239.82 4446.21 4332.24 
 305 4351.04 4519.70 4332.24 
 306 4299.92 4461.44 4351.04 
 307 4344.33 4465.15 4351.04 
 308 4312.57 4515.45 4351.04 
 309 4308.98 4497.22 4351.04 
 310 4267.18 4501.21 4351.04 
 311 4246.48 4552.88 4351.04 
 312 4224.45 4547.27 4351.04 
 313 4347.21 4563.81 4351.04 
 314 4304.52 4562.96 4351.04 
 315 4288.10 4507.28 4351.04 
 316 4399.52 4446.61 4351.04 
 317 4326.74 4412.34 4399.52 
 318 4325.28 4494.30 4399.52 
 319 4358.34 4532.57 4399.52 
 320 4381.36 4569.79 4399.52 
 321 4352.68 4516.81 4399.52 
 322 4328.79 4533.83 4399.52 
 323 4368.92 4564.80 4399.52 
 324 4349.75 4546.76 4399.52 
 325 4311.18 4537.58 4399.52 
 326 4348.67 4498.68 4399.52 
 327 4420.14 4526.08 4399.52 
 328 4418.30 4493.25 4420.14 
 329 4408.07 4509.91 4420.14 
 330 4300.72 4548.85 4420.14 
 331 4388.04 4541.22 4420.14 
 332 4413.50 4535.68 4420.14 
 333 4371.41 4477.24 4420.14 
 334 4398.45 4435.28 4420.14 
 335 4359.62 4532.69 4420.14 
 336 4330.96 4495.00 4420.14 
 337 4441.21 4511.49 4420.14 
 338 4393.53 4544.67 4441.21 
 339 4421.04 4547.90 4441.21 
 340 4468.79 4536.21 4441.21 
 341 4420.71 4558.55 4468.79 
 342 4414.71 4510.23 4468.79 
 343 4382.73 4558.64 4468.79 
 344 4379.85 4529.60 4468.79 
 345 4369.83 4553.18 4468.79 
 346 4388.58 4561.38 4468.79 
 347 4361.10 4549.11 4468.79 
 348 4407.35 4581.59 4468.79 
 349 4414.29 4566.33 4468.79 
 350 4317.18 4596.00 4468.79 
 351 4461.18 4573.58 4468.79 
 352 4456.63 4574.80 4468.79 
 353 4391.67 4562.18 4468.79 
 354 4433.69 4569.71 4468.79 
 355 4380.00 4561.57 4468.79 
 356 4446.23 4554.33 4468.79 
 357 4348.42 4595.61 4468.79 
 358 4382.60 4577.16 4468.79 
 359 4418.29 4588.96 4468.79 
 360 4401.60 4494.88 4468.79 
 361 4452.79 4527.48 4468.79 
 362 4521.92 4568.50 4468.79 
 363 4461.88 4596.21 4521.92 
 364 4467.54 4502.07 4521.92 
 365 4494.59 4468.50 4521.92 
 366 4496.20 4372.88 4521.92 
 367 4413.90 4499.53 4521.92 
 368 4502.65 4560.68 4521.92 
 369 4495.94 4584.02 4521.92 
 370 4500.55 4545.57 4521.92 
 371 4477.93 4341.71 4521.92 
 372 4443.83 4359.45 4521.92 
 373 4440.62 4458.65 4521.92 
 374 4369.79 4479.90 4521.92 
 375 4520.51 4416.61 4521.92 
 376 4526.99 4447.34 4521.92 
 377 4479.31 4566.98 4526.99 
 378 4480.87 4560.23 4526.99 
 379 4541.87 4536.78 4526.99 
 380 4542.81 4549.88 4541.87 
 381 4409.64 4510.25 4542.81 
 382 4491.89 4512.53 4542.81 
 383 4470.23 4504.47 4542.81 
 384 4404.99 4455.83 4542.81 
 385 4531.68 4481.98 4542.81 
 386 4444.22 4517.76 4542.81 
 387 4481.10 4566.96 4542.81 
 388 4498.56 4543.13 4542.81 
 389 4522.27 4427.42 4542.81 
 390 4544.37 4557.20 4542.81 
 391 4592.89 4500.01 4544.37 
 392 4572.42 4484.25 4592.89 
 393 4582.91 4510.06 4592.89 
 394 4586.83 4525.52 4592.89 
 395 4598.69 4632.81 4592.89 
 396 4575.82 4539.33 4598.69 
 397 4548.76 4493.15 4598.69 
 398 4565.94 4430.37 4598.69 
 399 4576.34 4528.51 4598.69 
 400 4537.61 4492.49 4598.69 
 401 4536.39 4499.17 4598.69 
 402 4534.76 4574.97 4598.69 
 403 4507.15 4636.22 4598.69 
 404 4521.82 4598.39 4598.69 
 405 4536.21 4618.34 4598.69 
 406 4615.72 4596.05 4598.69 
 407 4521.36 4669.75 4615.72 
 408 4510.52 4561.16 4615.72 
 409 4531.50 4560.75 4615.72 
 410 4589.42 4557.99 4615.72 
 411 4504.60 4494.14 4615.72 
 412 4539.31 4476.09 4615.72 
 413 4585.99 4560.58 4615.72 
 414 4580.24 4574.47 4615.72 
 415 4615.09 4496.17 4615.72 
 416 4557.69 4474.76 4615.72 
 417 4512.62 4582.93 4615.72 
 418 4553.60 4504.49 4615.72 
 419 4575.27 4527.75 4615.72 
 420 4550.87 4560.66 4615.72 
 421 4502.44 4495.09 4615.72 
 422 4584.08 4516.32 4615.72 
 423 4602.67 4597.05 4615.72 
 424 4632.37 4600.26 4615.72 
 425 4594.04 4593.01 4632.37 
 426 4639.51 4602.14 4632.37 
 427 4525.13 4618.01 4639.51 
 428 4613.44 4606.34 4639.51 
 429 4623.51 4605.91 4639.51 
 430 4594.34 4573.10 4639.51 
 431 4593.11 4555.16 4639.51 
 432 4593.37 4550.17 4639.51 
 433 4601.84 4619.40 4639.51 
 434 4597.52 4593.11 4639.51 
 435 4574.93 4625.44 4639.51 
 436 4629.18 4595.56 4639.51 
 437 4630.61 4625.15 4639.51 
 438 4619.60 4675.67 4639.51 
 439 4560.97 4591.69 4639.51 
 440 4573.25 4606.51 4639.51 
 441 4586.09 4689.14 4639.51 
 442 4505.27 4648.18 4639.51 
 443 4579.81 4578.41 4639.51 
 444 4511.74 4613.10 4639.51 
 445 4544.46 4600.88 4639.51 
 446 4630.07 4642.55 4639.51 
 447 4652.29 4610.17 4639.51 
 448 4620.20 4645.79 4652.29 
 449 4632.12 4564.89 4652.29 
 450 4644.55 4692.37 4652.29 
 451 4570.63 4592.53 4652.29 
 452 4656.81 4641.83 4652.29 
 453 4566.75 4636.05 4656.81 
 454 4589.97 4589.31 4656.81 
 455 4644.72 4540.19 4656.81 
 456 4700.48 4665.81 4656.81 
 457 4552.96 4617.67 4700.48 
 458 4638.35 4569.17 4700.48 
 459 4605.73 4571.46 4700.48 
 460 4663.52 4513.90 4700.48 
 461 4614.51 4519.15 4700.48 
 462 4651.72 4562.23 4700.48 
 463 4593.74 4527.54 4700.48 
 464 4654.11 4606.89 4700.48 
 465 4671.67 4653.60 4700.48 
 466 4644.84 4591.71 4700.48 
 467 4601.40 4566.08 4700.48 
 468 4672.27 4606.80 4700.48 
 469 4631.80 4488.18 4700.48 
 470 4619.29 4534.79 4700.48 
 471 4577.82 4440.56 4700.48 
 472 4555.19 4466.52 4700.48 
 473 4589.04 4603.36 4700.48 
 474 4563.41 4507.06 4700.48 
 475 4592.53 4581.40 4700.48 
 476 4670.27 4542.48 4700.48 
 477 4657.17 4626.24 4700.48 
 478 4639.85 4563.09 4700.48 
 479 4578.67 4604.51 4700.48 
 480 4641.34 4729.64 4700.48 
 481 4605.82 4674.63 4700.48 
 482 4638.07 4490.30 4700.48 
 483 4612.31 4504.97 4700.48 
 484 4596.31 4680.11 4700.48 
 485 4587.77 4624.06 4700.48 
 486 4659.33 4702.01 4700.48 
 487 4610.54 4750.96 4700.48 
 488 4635.42 4600.22 4700.48 
 489 4581.92 4636.79 4700.48 
 490 4596.93 4579.52 4700.48 
 491 4676.07 4546.90 4700.48 
 492 4596.31 4526.18 4700.48 
 493 4688.97 4614.56 4700.48 
 494 4618.97 4719.32 4700.48 
 495 4669.98 4680.38 4700.48 
 496 4650.56 4665.67 4700.48 
 497 4692.98 4679.39 4700.48 
 498 4538.12 4680.39 4700.48 
 499 4568.39 4643.73 4700.48 
 500 4653.51 4602.17 4700.48 
 501 4661.72 4713.18 4700.48 
 502 4724.09 4637.93 4700.48 
 503 4703.11 4606.93 4724.09 
 504 4711.13 4587.92 4724.09 
 505 4712.67 4717.97 4724.09 
 506 4677.71 4674.68 4724.09 
 507 4621.40 4753.78 4724.09 
