Iter | Sampling Pol | Evaluation Pol | Best (Sampled) 
   0 -2175.36 -2050.48 -100000000.00 
   1 -2065.93 -1971.59 -2175.36 
   2 -2002.90 -1893.86 -2065.93 
   3 -1945.73 -1879.94 -2002.90 
   4 -1896.46 -1794.77 -1945.73 
   5 -1894.40 -1812.57 -1896.46 
   6 -1916.63 -1722.52 -1894.40 
   7 -1904.24 -1674.23 -1894.40 
   8 -1885.73 -1662.71 -1894.40 
   9 -1906.77 -1698.74 -1885.73 
  10 -1895.98 -1589.92 -1885.73 
  11 -1905.46 -1675.68 -1885.73 
  12 -1881.47 -1692.68 -1885.73 
  13 -1871.22 -1747.73 -1881.47 
  14 -1893.21 -1812.70 -1871.22 
  15 -1869.42 -1815.83 -1871.22 
  16 -1900.99 -1856.12 -1869.42 
  17 -1895.22 -1833.80 -1869.42 
  18 -1869.41 -1715.69 -1869.42 
  19 -1903.77 -1784.64 -1869.41 
  20 -1901.54 -1817.28 -1869.41 
  21 -1886.09 -1784.71 -1869.41 
  22 -1819.45 -1747.01 -1869.41 
  23 -1841.29 -1803.59 -1819.45 
  24 -1819.24 -1822.38 -1819.45 
  25 -1870.66 -1819.81 -1819.24 
  26 -1840.89 -1849.09 -1819.24 
  27 -1892.29 -1822.39 -1819.24 
  28 -1882.30 -1769.79 -1819.24 
  29 -1834.03 -1744.27 -1819.24 
  30 -1842.22 -1829.97 -1819.24 
  31 -1849.41 -1730.34 -1819.24 
  32 -1821.11 -1857.04 -1819.24 
  33 -1793.89 -1748.46 -1819.24 
  34 -1795.17 -1775.48 -1793.89 
  35 -1775.25 -1666.09 -1793.89 
  36 -1822.80 -1518.61 -1775.25 
  37 -1793.27 -1453.52 -1775.25 
  38 -1793.14 -1453.22 -1775.25 
  39 -1697.47 -1299.22 -1775.25 
  40 -1736.97 -1330.07 -1697.47 
  41 -1686.09 -1157.37 -1697.47 
  42 -1662.78 -1055.76 -1686.09 
  43 -1639.17 -1135.03 -1662.78 
  44 -1595.69 -1115.62 -1639.17 
  45 -1562.37 -1028.55 -1595.69 
  46 -1572.54 -993.19 -1562.37 
  47 -1534.93 -864.32 -1562.37 
  48 -1408.96 -718.21 -1534.93 
  49 -1418.36 -662.55 -1408.96 
  50 -1439.66 -635.85 -1408.96 
  51 -1350.39 -597.77 -1408.96 
  52 -1292.20 -540.24 -1350.39 
  53 -1285.49 -502.58 -1292.20 
  54 -1279.84 -461.03 -1285.49 
  55 -1197.16 -404.05 -1279.84 
  56 -1167.95 -470.01 -1197.16 
  57 -1142.33 -410.87 -1167.95 
  58 -1004.66 -323.14 -1142.33 
  59 -1022.09 -392.18 -1004.66 
  60 -1003.38 -257.80 -1004.66 
  61 -963.53 -327.31 -1003.38 
  62 -889.39 -353.02 -963.53 
  63 -798.69 -327.81 -889.39 
  64 -757.74 -221.85 -798.69 
  65 -760.04 -230.53 -757.74 
  66 -724.23 -154.18 -757.74 
  67 -676.31 -269.22 -724.23 
  68 -593.51 -223.31 -676.31 
  69 -592.14 -53.54 -593.51 
  70 -631.31 -217.33 -592.14 
  71 -493.71 -221.41 -592.14 
  72 -467.00 -278.62 -493.71 
  73 -470.63 54.06 -467.00 
  74 -483.60 -165.36 -467.00 
  75 -332.75 -16.54 -467.00 
  76 -308.03 -179.37 -332.75 
  77 -226.49 -133.91 -308.03 
  78 -220.78 -138.29 -226.49 
  79 -213.94 -80.49 -220.78 
  80 -184.08  9.39 -213.94 
  81 -181.29 368.69 -184.08 
  82 -253.12 123.89 -181.29 
  83 -196.79 47.67 -181.29 
  84 -104.52 86.87 -181.29 
  85 -87.17 208.14 -104.52 
  86 118.28 292.66 -87.17 
  87 230.87 190.89 118.28 
  88 156.19 20.79 230.87 
  89 308.18 86.23 230.87 
  90 202.24 309.70 308.18 
  91 306.41 330.82 308.18 
  92 446.05 290.00 308.18 
  93 664.56 340.36 446.05 
  94 572.80 521.37 664.56 
  95 785.27 503.39 664.56 
  96 969.87 806.89 785.27 
  97 886.05 920.17 969.87 
  98 994.00 1091.76 969.87 
  99 976.27 663.27 994.00 
 100 1077.31 1398.82 994.00 
 101 1207.97 1164.83 1077.31 
 102 1132.25 989.76 1207.97 
 103 1358.12 1444.32 1207.97 
 104 1169.01 1301.60 1358.12 
 105 1316.80 1569.94 1358.12 
 106 1406.10 1537.38 1358.12 
 107 1544.80 1583.64 1406.10 
 108 1637.50 1279.64 1544.80 
 109 1717.81 1973.09 1637.50 
 110 1809.88 1765.62 1717.81 
 111 1922.82 2268.48 1809.88 
 112 1967.66 2144.37 1922.82 
 113 2017.46 1930.28 1967.66 
 114 2155.75 2199.06 2017.46 
 115 2145.58 2358.96 2155.75 
 116 2245.42 2050.26 2155.75 
 117 2546.94 2486.76 2245.42 
 118 2389.15 2106.92 2546.94 
 119 2485.51 2444.23 2546.94 
 120 2591.24 1974.04 2546.94 
 121 2722.03 2171.49 2591.24 
 122 2649.17 2759.62 2722.03 
 123 2763.82 2887.76 2722.03 
 124 2860.02 3053.37 2763.82 
 125 2751.70 2943.33 2860.02 
 126 2913.52 2643.56 2860.02 
 127 2706.82 2372.90 2913.52 
 128 2728.11 2633.31 2913.52 
 129 2959.37 2698.46 2913.52 
 130 3042.58 2407.24 2959.37 
 131 2985.58 2641.00 3042.58 
 132 3072.02 2597.52 3042.58 
 133 3089.32 2210.85 3072.02 
 134 3032.78 2606.67 3089.32 
 135 2888.52 2522.13 3089.32 
 136 2914.65 2297.20 3089.32 
 137 2975.84 2581.36 3089.32 
 138 3122.82 2564.86 3089.32 
 139 3198.00 2999.07 3122.82 
 140 3198.31 2933.72 3198.00 
 141 3121.44 2930.75 3198.31 
 142 3204.62 3090.47 3198.31 
 143 3172.24 2962.88 3204.62 
 144 3309.99 3046.91 3204.62 
 145 3325.00 3245.10 3309.99 
 146 3390.49 3313.99 3325.00 
 147 3451.31 3463.52 3390.49 
 148 3411.21 3463.16 3451.31 
 149 3445.18 3159.78 3451.31 
 150 3533.04 3442.22 3451.31 
 151 3507.09 3476.41 3533.04 
 152 3460.51 3281.95 3533.04 
 153 3460.67 3428.74 3533.04 
 154 3365.23 3373.09 3533.04 
 155 3511.88 3268.20 3533.04 
 156 3511.64 2873.12 3533.04 
 157 3647.89 3126.09 3533.04 
 158 3576.21 3160.77 3647.89 
 159 3652.47 3057.17 3647.89 
 160 3634.05 3008.28 3652.47 
 161 3539.68 3521.58 3652.47 
 162 3594.40 3509.84 3652.47 
 163 3652.15 3651.60 3652.47 
 164 3678.23 3603.96 3652.47 
 165 3583.38 3904.83 3678.23 
 166 3676.37 3974.18 3678.23 
 167 3669.26 3808.52 3678.23 
 168 3690.63 3665.14 3678.23 
 169 3617.44 3613.22 3690.63 
 170 3665.91 3866.95 3690.63 
 171 3697.21 3908.86 3690.63 
 172 3915.51 3905.89 3697.21 
 173 3789.74 3787.05 3915.51 
 174 3879.73 3891.45 3915.51 
 175 3674.28 3782.90 3915.51 
 176 3883.43 3896.67 3915.51 
 177 3840.38 3893.13 3915.51 
 178 3787.28 3861.68 3915.51 
 179 3788.01 3864.48 3915.51 
 180 3680.02 3846.53 3915.51 
 181 3779.69 3867.11 3915.51 
 182 3911.13 3861.60 3915.51 
 183 3726.13 3887.70 3915.51 
 184 3855.65 3933.44 3915.51 
 185 3902.50 3949.39 3915.51 
 186 3850.60 3988.24 3915.51 
 187 3854.52 3818.06 3915.51 
 188 3947.54 3648.00 3915.51 
 189 3853.24 3849.96 3947.54 
 190 3838.98 3837.54 3947.54 
 191 3835.86 3766.48 3947.54 
 192 3893.61 3828.72 3947.54 
 193 3941.54 3890.12 3947.54 
 194 3742.38 3803.95 3947.54 
 195 3860.00 3869.06 3947.54 
 196 3827.10 4075.57 3947.54 
 197 3855.62 3741.04 3947.54 
 198 3848.68 3831.37 3947.54 
 199 3930.24 3940.86 3947.54 
 200 3897.01 3613.05 3947.54 
