Iter | Sampling Pol | Evaluation Pol | Best (Sampled) 
   0 -2.16 -4.38 -100000000.00 
   1 -0.30 -4.43 -2.16 
   2 -1.87 -4.43 -0.30 
   3 -3.42 -4.43 -0.30 
   4 -3.33 -4.43 -0.30 
   5 -1.84 -4.43 -0.30 
   6 -2.13 -4.48 -0.30 
   7 -2.17 -4.48 -0.30 
   8 -4.07 -4.39 -0.30 
   9 -3.61 -3.68 -0.30 
  10 -3.30 -4.37 -0.30 
  11 -2.82 -4.26 -0.30 
  12 -4.14 -4.33 -0.30 
  13 -3.11 -4.33 -0.30 
  14 -2.37 -3.39 -0.30 
  15 -0.77 -3.95 -0.30 
  16 -3.20 -3.95 -0.30 
  17 -3.51 -4.43 -0.30 
  18 -3.83 -4.07 -0.30 
  19 -3.08 -4.07 -0.30 
  20 -3.54 -4.07 -0.30 
  21 -3.14 -4.07 -0.30 
  22 -2.80 -4.32 -0.30 
  23 -2.83 -4.20 -0.30 
  24 -3.14 -4.20 -0.30 
  25 -3.28 -4.21 -0.30 
  26 -2.68 -4.21 -0.30 
  27 -2.11 -4.17 -0.30 
  28 -2.95 -4.35 -0.30 
  29 -2.75 -4.35 -0.30 
  30 -2.99 -4.35 -0.30 
  31 -2.82 -4.35 -0.30 
  32 -1.14 -4.26 -0.30 
  33 -4.17 -4.26 -0.30 
  34 -1.24 -4.16 -0.30 
  35 -0.35 -4.18 -0.30 
  36 -3.94 -4.18 -0.30 
  37 -1.96 -4.19 -0.30 
  38 -2.26 -4.19 -0.30 
  39 -3.13 -4.20 -0.30 
  40 -3.07 -4.11 -0.30 
  41 -2.72 -4.11 -0.30 
  42 -4.01 -4.28 -0.30 
  43 -1.92 -4.22 -0.30 
  44 -3.19 -4.20 -0.30 
  45 -3.45 -4.19 -0.30 
  46 -3.09 -4.19 -0.30 
  47 -2.82 -4.27 -0.30 
  48 -2.78 -4.27 -0.30 
  49 -3.14 -4.27 -0.30 
  50 -2.79 -4.27 -0.30 
  51 -2.45 -4.27 -0.30 
  52 -2.05 -4.27 -0.30 
  53 -3.19 -4.27 -0.30 
  54 -0.54 -4.19 -0.30 
  55 -3.10 -4.19 -0.30 
  56 -2.95 -4.19 -0.30 
  57 -2.02 -4.19 -0.30 
  58 -3.20 -4.23 -0.30 
  59 -2.79 -4.29 -0.30 
  60 -2.85 -4.14 -0.30 
  61 -0.85 -4.13 -0.30 
  62 -2.73 -4.13 -0.30 
  63 -2.23 -4.13 -0.30 
  64 -2.42 -4.13 -0.30 
  65 -2.77 -4.13 -0.30 
  66  0.48 -4.13 -0.30 
  67 -0.96 -4.15  0.48 
  68 -3.11 -4.15  0.48 
  69 -3.55 -4.15  0.48 
  70 -3.11 -4.13  0.48 
  71 -3.24 -4.18  0.48 
  72 -3.91 -4.23  0.48 
  73 -3.63 -4.22  0.48 
  74 -3.69 -4.22  0.48 
  75 -2.94 -4.30  0.48 
  76 -3.95 -4.14  0.48 
  77 -3.54 -4.05  0.48 
  78 -3.02 -4.05  0.48 
  79 -3.60 -1.64  0.48 
  80 -2.81 -3.93  0.48 
  81 -2.01 -3.93  0.48 
  82 -3.10 -3.93  0.48 
  83 -2.57 -4.01  0.48 
  84 -2.90 -4.10  0.48 
  85 -2.88 -4.10  0.48 
  86 -2.68 -4.10  0.48 
  87 -3.58 -4.10  0.48 
  88 -3.41 -4.19  0.48 
  89 -3.78 -4.35  0.48 
  90 -1.22 -4.28  0.48 
  91 -3.67 -4.28  0.48 
  92 -3.39 -4.42  0.48 
  93 -3.18 -4.45  0.48 
  94 -0.73 -4.45  0.48 
  95 -2.53 -4.31  0.48 
  96 -2.91 -4.31  0.48 
  97 -2.91 -4.31  0.48 
  98 -3.26 -4.27  0.48 
  99 -2.33 -4.27  0.48 
 100 -3.16 -4.27  0.48 
 101 -2.54 -4.24  0.48 
 102 -3.83 -2.35  0.48 
 103 -2.37 -3.89  0.48 
 104 -2.48 -4.27  0.48 
 105 -3.87 -4.48  0.48 
 106 -3.62 -4.48  0.48 
 107 -2.77 -4.48  0.48 
 108 -2.55 -4.32  0.48 
 109 -3.80 -4.32  0.48 
 110 -3.85 -4.32  0.48 
 111 -2.79 -4.32  0.48 
 112 -3.52 -4.41  0.48 
 113 -3.54 -4.36  0.48 
 114 -2.11 -4.17  0.48 
 115 -3.51 -4.17  0.48 
 116 -3.44 -4.17  0.48 
 117 -2.71 -4.23  0.48 
 118 -3.33 -4.23  0.48 
 119 -3.96 -4.23  0.48 
 120 -3.44 -4.23  0.48 
 121 -3.14 -4.23  0.48 
 122 -3.61 -4.23  0.48 
 123 -3.66 -4.38  0.48 
 124 -0.14 -4.09  0.48 
 125 -3.19 -4.09  0.48 
 126 -4.04 -4.09  0.48 
 127 -3.46 -4.21  0.48 
 128 -3.81 -3.54  0.48 
 129 -3.75 -3.56  0.48 
 130 -3.94 -3.54  0.48 
 131 -2.97 -3.54  0.48 
 132 -3.51 -3.54  0.48 
 133 -3.72 -3.54  0.48 
