Iter | Sampling Pol | Evaluation Pol | Best (Sampled) 
   0 -2.19 -4.62 -100000000.00 
   1 -3.86 -4.35 -2.19 
   2 -3.25 -3.21 -2.19 
   3 -2.25 -3.81 -2.19 
   4 -1.47 -3.58 -2.19 
   5 -0.72 -2.69 -1.47 
   6  0.14 -2.44 -0.72 
   7  2.52 -0.37  0.14 
   8  0.24 -0.01  2.52 
   9  0.17  6.11  2.52 
  10  2.55  3.10  2.52 
  11  1.77  3.96  2.55 
  12 10.19  0.01  2.55 
  13  1.80  6.53 10.19 
  14  2.44  8.69 10.19 
  15  4.53  6.50 10.19 
  16  7.59  4.41 10.19 
  17  3.12  5.34 10.19 
  18  5.73  8.28 10.19 
  19  6.00 25.24 10.19 
  20  3.02  5.04 10.19 
  21  6.70 10.60 10.19 
  22 12.85  7.21 10.19 
  23  4.00 32.66 12.85 
  24 12.97 12.73 12.85 
  25 20.73 22.53 12.97 
  26 14.73 45.62 20.73 
  27 24.42 37.18 20.73 
  28 14.33 16.51 24.42 
  29 10.25 41.15 24.42 
  30 15.98 49.96 24.42 
  31 24.25 40.04 24.42 
  32 28.29 51.79 24.42 
  33 20.50 102.44 28.29 
  34 17.34 22.75 28.29 
  35 31.54 16.48 28.29 
  36 20.26 42.73 31.54 
  37 39.89 24.55 31.54 
  38 21.01 35.00 39.89 
  39 37.25 74.40 39.89 
  40 50.64 106.58 39.89 
  41 32.59 86.54 50.64 
  42 40.79 99.20 50.64 
  43 35.19 147.60 50.64 
  44 70.80 171.60 50.64 
  45 39.01 129.64 70.80 
  46 65.27 220.02 70.80 
  47 68.27 213.06 70.80 
  48 47.39 293.49 70.80 
  49 55.98 234.32 70.80 
  50 58.53 291.45 70.80 
  51 78.64 317.56 70.80 
  52 84.31 234.31 78.64 
  53 75.47 250.86 84.31 
  54 114.89 290.13 84.31 
  55 83.12 191.73 114.89 
  56 137.23 180.33 114.89 
  57 97.18 264.43 137.23 
  58 142.26 289.21 137.23 
  59 155.55 380.01 142.26 
  60 129.55 414.83 155.55 
  61 150.93 337.79 155.55 
  62 156.33 379.73 155.55 
  63 265.37 374.97 156.33 
  64 193.53 387.79 265.37 
  65 220.75 335.94 265.37 
  66 278.52 469.67 265.37 
  67 268.10 546.13 278.52 
  68 346.16 603.36 278.52 
  69 310.78 655.97 346.16 
  70 358.05 539.13 346.16 
  71 431.98 763.44 358.05 
  72 477.68 890.34 431.98 
  73 411.27 931.97 477.68 
  74 538.62 1020.36 477.68 
  75 600.78 1094.98 538.62 
  76 710.88 1058.64 600.78 
  77 704.46 999.43 710.88 
  78 767.27 896.83 710.88 
  79 671.41 1118.47 767.27 
  80 841.95 1059.19 767.27 
  81 892.06 1136.26 841.95 
  82 888.56 1465.40 892.06 
  83 1020.52 1541.84 892.06 
  84 1028.87 1507.44 1020.52 
  85 1005.38 1512.38 1028.87 
  86 1135.97 1463.59 1028.87 
  87 1247.71 1751.94 1135.97 
  88 1297.22 2018.31 1247.71 
  89 1281.01 1915.52 1297.22 
  90 1376.02 2039.49 1297.22 
  91 1624.10 2058.34 1376.02 
  92 1702.25 2119.48 1624.10 
  93 1583.79 2116.15 1702.25 
  94 1684.23 2256.41 1702.25 
  95 1666.42 2253.59 1702.25 
  96 1872.24 2048.47 1702.25 
  97 1801.48 2298.20 1872.24 
  98 1895.33 2029.20 1872.24 
  99 1831.65 2091.92 1895.33 
 100 2076.47 2531.54 1895.33 
 101 2093.02 2640.06 2076.47 
 102 2237.84 2430.21 2093.02 
 103 2063.36 2428.02 2237.84 
 104 2317.42 2642.62 2237.84 
 105 2181.93 2605.94 2317.42 
 106 2252.27 2702.09 2317.42 
 107 2330.04 2781.96 2317.42 
 108 2615.06 2839.72 2330.04 
 109 2450.33 2876.96 2615.06 
 110 2652.91 3145.57 2615.06 
 111 2609.54 2921.48 2652.91 
 112 2648.31 3033.06 2652.91 
 113 2655.77 3227.28 2652.91 
 114 2721.48 2874.34 2655.77 
 115 2836.04 2892.26 2721.48 
 116 2733.40 2867.43 2836.04 
 117 2812.57 2854.98 2836.04 
 118 2904.37 2927.22 2836.04 
 119 2934.78 3015.70 2904.37 
 120 2767.04 3093.75 2934.78 
 121 2961.02 3183.25 2934.78 
 122 2908.55 2951.93 2961.02 
 123 3047.57 2866.33 2961.02 
 124 3079.27 2891.93 3047.57 
 125 3013.68 2990.39 3079.27 
 126 3119.75 2955.77 3079.27 
 127 3220.69 3162.72 3119.75 
 128 3210.85 3400.82 3220.69 
 129 3286.28 3261.20 3220.69 
 130 3280.57 3372.80 3286.28 
 131 3189.62 3501.03 3286.28 
 132 3343.23 3657.42 3286.28 
 133 3267.61 3664.13 3343.23 
 134 3389.20 3601.34 3343.23 
 135 3365.19 3704.04 3389.20 
 136 3338.93 3637.15 3389.20 
 137 3449.63 3493.33 3389.20 
 138 3424.04 3656.99 3449.63 
 139 3450.93 3581.60 3449.63 
 140 3500.42 3613.11 3450.93 
 141 3489.32 3548.34 3500.42 
 142 3493.11 3869.39 3500.42 
 143 3449.08 3754.30 3500.42 
 144 3544.60 3794.07 3500.42 
 145 3608.81 3827.58 3544.60 
 146 3627.65 3828.20 3608.81 
 147 3594.46 3780.93 3627.65 
 148 3594.02 3710.82 3627.65 
 149 3608.48 3827.71 3627.65 
 150 3574.91 3410.18 3627.65 
 151 3556.14 3770.03 3627.65 
 152 3653.94 3665.62 3627.65 
 153 3517.29 3674.51 3653.94 
 154 3741.38 3857.07 3653.94 
 155 3748.47 3665.35 3741.38 
 156 3699.89 3517.01 3748.47 
 157 3713.71 3711.48 3748.47 
 158 3754.92 3845.76 3748.47 
 159 3610.16 3796.32 3754.92 
 160 3771.58 3717.25 3754.92 
 161 3667.61 3689.09 3771.58 
 162 3646.59 3686.88 3771.58 
 163 3836.28 3602.77 3771.58 
 164 3838.35 3773.50 3836.28 
 165 3729.60 3526.04 3838.35 
 166 3865.02 3696.46 3838.35 
 167 3882.10 3494.88 3865.02 
 168 3843.72 3590.87 3882.10 
 169 3798.89 3709.05 3882.10 
 170 3919.15 3831.02 3882.10 
 171 3817.36 4146.61 3919.15 
 172 3762.05 4077.78 3919.15 
 173 3857.29 4056.88 3919.15 
 174 3877.68 3847.42 3919.15 
 175 3803.11 3781.56 3919.15 
 176 3925.70 3862.28 3919.15 
 177 3911.72 3946.78 3925.70 
 178 3939.87 4068.96 3925.70 
 179 3930.86 3901.21 3939.87 
 180 3987.39 3686.42 3939.87 
 181 3955.71 3825.62 3987.39 
 182 3938.85 3914.01 3987.39 
 183 3986.15 4059.26 3987.39 
 184 3974.39 4079.09 3987.39 
 185 3965.17 4050.94 3987.39 
 186 3983.61 4006.37 3987.39 
 187 4081.17 3892.38 3987.39 
 188 3959.76 3831.49 4081.17 
 189 3942.45 3968.51 4081.17 
 190 4088.44 3919.69 4081.17 
 191 3878.28 3954.23 4088.44 
 192 4088.84 3926.95 4088.44 
 193 4068.79 3801.70 4088.84 
 194 3984.03 3598.40 4088.84 
 195 4042.85 3613.27 4088.84 
 196 4022.75 3850.61 4088.84 
 197 4068.57 3869.34 4088.84 
 198 4047.75 3895.15 4088.84 
 199 4010.93 3959.61 4088.84 
 200 4029.92 3823.52 4088.84 
 201 4154.24 3825.78 4088.84 
 202 3997.60 3833.69 4154.24 
 203 4117.10 4002.49 4154.24 
 204 4020.65 3995.85 4154.24 
 205 4054.37 3994.63 4154.24 
 206 4133.01 3867.37 4154.24 
 207 4187.85 3669.01 4154.24 
 208 4090.14 3671.15 4187.85 
 209 4166.56 3795.91 4187.85 
 210 4189.47 3789.71 4187.85 
 211 4132.28 3761.57 4189.47 
 212 4173.33 3697.45 4189.47 
 213 4186.14 3800.33 4189.47 
 214 4158.90 3569.77 4189.47 
 215 4149.84 3826.02 4189.47 
 216 4155.95 3846.63 4189.47 
 217 4206.06 3828.46 4189.47 
 218 4247.22 3820.54 4206.06 
 219 4233.41 3898.82 4247.22 
 220 4263.36 3728.82 4247.22 
 221 4253.37 4030.22 4263.36 
 222 4215.87 3936.42 4263.36 
 223 4230.77 4004.82 4263.36 
 224 4137.91 4169.50 4263.36 
 225 4204.68 3968.70 4263.36 
 226 4269.41 4006.62 4263.36 
 227 4131.13 3904.41 4269.41 
 228 4214.95 3711.58 4269.41 
 229 4299.79 3796.20 4269.41 
 230 4316.84 3972.77 4299.79 
 231 4260.55 3948.29 4316.84 
 232 4288.53 4025.08 4316.84 
 233 4298.37 3937.90 4316.84 
 234 4262.07 4067.39 4316.84 
 235 4256.31 3946.23 4316.84 
 236 4247.93 4224.27 4316.84 
 237 4295.53 4250.38 4316.84 
 238 4325.04 4258.15 4316.84 
 239 4383.87 4113.80 4325.04 
 240 4249.23 4125.11 4383.87 
 241 4174.72 4153.77 4383.87 
 242 4361.34 4119.57 4383.87 
 243 4356.42 4081.15 4383.87 
 244 4297.71 4109.64 4383.87 
 245 4344.18 4116.63 4383.87 
 246 4313.01 4221.39 4383.87 
 247 4386.44 4280.54 4383.87 
 248 4343.43 4189.15 4386.44 
 249 4349.78 4309.68 4386.44 
 250 4369.31 4321.64 4386.44 
 251 4402.77 4241.82 4386.44 
 252 4242.62 4192.05 4402.77 
 253 4444.59 4300.56 4402.77 
 254 4469.65 4235.44 4444.59 
 255 4400.82 4239.55 4469.65 
 256 4428.29 4107.13 4469.65 
 257 4390.97 4142.61 4469.65 
 258 4266.76 4176.24 4469.65 
 259 4399.18 4294.28 4469.65 
 260 4360.50 4345.51 4469.65 
 261 4344.11 4280.42 4469.65 
 262 4381.30 4186.50 4469.65 
 263 4385.28 4228.13 4469.65 
 264 4372.14 4365.81 4469.65 
 265 4373.28 4217.05 4469.65 
 266 4342.63 4286.14 4469.65 
 267 4387.27 4479.33 4469.65 
 268 4518.36 4499.57 4469.65 
 269 4343.35 4427.72 4518.36 
 270 4339.64 4486.44 4518.36 
 271 4404.67 4432.69 4518.36 
 272 4420.38 4348.15 4518.36 
 273 4462.24 4353.99 4518.36 
 274 4361.68 4292.77 4518.36 
 275 4395.60 4357.23 4518.36 
 276 4401.86 4386.12 4518.36 
 277 4334.67 4465.38 4518.36 
 278 4369.31 4380.57 4518.36 
 279 4446.12 4320.32 4518.36 
 280 4454.75 4282.57 4518.36 
 281 4413.13 4442.28 4518.36 
 282 4392.83 4356.87 4518.36 
 283 4490.40 4363.92 4518.36 
 284 4448.65 4433.02 4518.36 
 285 4441.50 4391.61 4518.36 
 286 4512.30 4400.08 4518.36 
 287 4478.83 4461.69 4518.36 
 288 4463.63 4469.24 4518.36 
 289 4423.60 4532.92 4518.36 
 290 4491.15 4533.94 4518.36 
 291 4519.57 4531.25 4518.36 
 292 4451.39 4468.25 4519.57 
 293 4416.06 4535.07 4519.57 
 294 4465.05 4535.24 4519.57 
 295 4401.01 4581.00 4519.57 
 296 4472.33 4536.23 4519.57 
 297 4513.51 4557.79 4519.57 
 298 4431.80 4563.90 4519.57 
 299 4425.73 4603.56 4519.57 
 300 4435.30 4553.58 4519.57 
 301 4494.64 4539.95 4519.57 
 302 4514.53 4513.64 4519.57 
 303 4462.69 4516.36 4519.57 
 304 4517.59 4411.39 4519.57 
 305 4419.66 4504.56 4519.57 
 306 4482.83 4522.70 4519.57 
 307 4509.20 4519.87 4519.57 
 308 4512.99 4545.73 4519.57 
 309 4481.49 4529.11 4519.57 
 310 4439.39 4559.23 4519.57 
 311 4487.88 4531.02 4519.57 
 312 4539.64 4500.05 4519.57 
 313 4565.31 4409.33 4539.64 
 314 4540.49 4525.64 4565.31 
 315 4564.56 4511.99 4565.31 
 316 4575.58 4589.49 4565.31 
 317 4484.07 4604.92 4575.58 
 318 4486.32 4592.47 4575.58 
 319 4517.34 4587.28 4575.58 
 320 4526.56 4563.23 4575.58 
 321 4588.41 4564.50 4575.58 
 322 4531.40 4578.76 4588.41 
 323 4553.09 4537.81 4588.41 
 324 4556.58 4612.28 4588.41 
 325 4540.45 4614.00 4588.41 
 326 4546.22 4624.90 4588.41 
 327 4537.40 4572.07 4588.41 
 328 4563.30 4624.12 4588.41 
 329 4550.13 4605.29 4588.41 
 330 4559.49 4565.85 4588.41 
 331 4551.21 4547.41 4588.41 
 332 4492.70 4559.34 4588.41 
 333 4563.93 4543.98 4588.41 
 334 4568.19 4586.05 4588.41 
 335 4601.60 4554.92 4588.41 
 336 4558.39 4566.53 4601.60 
 337 4581.30 4544.58 4601.60 
 338 4529.35 4467.31 4601.60 
 339 4594.16 4401.07 4601.60 
 340 4630.36 4475.80 4601.60 
 341 4562.84 4491.60 4630.36 
 342 4552.87 4552.57 4630.36 
 343 4491.85 4516.54 4630.36 
 344 4560.18 4465.11 4630.36 
 345 4658.15 4452.43 4630.36 
 346 4617.95 4395.30 4658.15 
 347 4588.04 4376.38 4658.15 
 348 4585.81 4485.45 4658.15 
 349 4648.47 4495.60 4658.15 
 350 4621.78 4471.21 4658.15 
 351 4667.95 4552.33 4658.15 
 352 4631.56 4457.20 4667.95 
 353 4632.62 4408.07 4667.95 
 354 4630.20 4451.55 4667.95 
 355 4667.23 4402.70 4667.95 
 356 4586.63 4333.09 4667.95 
 357 4618.99 4310.59 4667.95 
 358 4635.90 4477.92 4667.95 
 359 4611.16 4361.83 4667.95 
 360 4669.57 4560.61 4667.95 
 361 4662.22 4507.45 4669.57 
 362 4634.06 4553.43 4669.57 
 363 4648.74 4515.69 4669.57 
 364 4669.55 4528.90 4669.57 
 365 4655.88 4465.53 4669.57 
 366 4623.56 4525.75 4669.57 
 367 4640.16 4549.16 4669.57 
 368 4582.28 4419.03 4669.57 
 369 4704.75 4414.32 4669.57 
 370 4601.67 4485.10 4704.75 
 371 4691.87 4484.43 4704.75 
 372 4689.26 4643.36 4704.75 
 373 4706.37 4654.06 4704.75 
 374 4712.55 4644.38 4706.37 
 375 4634.71 4465.32 4712.55 
 376 4677.37 4482.44 4712.55 
 377 4701.43 4488.15 4712.55 
 378 4686.27 4536.70 4712.55 
 379 4620.65 4473.68 4712.55 
 380 4685.92 4431.02 4712.55 
 381 4623.62 4442.25 4712.55 
 382 4643.85 4500.04 4712.55 
 383 4682.07 4473.68 4712.55 
 384 4701.44 4586.51 4712.55 
 385 4706.53 4566.59 4712.55 
 386 4661.07 4555.95 4712.55 
 387 4738.29 4681.33 4712.55 
 388 4724.45 4628.76 4738.29 
 389 4729.19 4670.25 4738.29 
 390 4674.55 4731.96 4738.29 
 391 4719.95 4711.58 4738.29 
 392 4690.22 4669.74 4738.29 
 393 4657.08 4670.61 4738.29 
 394 4728.20 4608.67 4738.29 
 395 4713.04 4589.12 4738.29 
 396 4703.18 4529.21 4738.29 
 397 4721.99 4603.11 4738.29 
 398 4724.19 4668.06 4738.29 
 399 4660.36 4599.91 4738.29 
 400 4746.74 4638.21 4738.29 
 401 4712.83 4673.10 4746.74 
 402 4742.16 4638.62 4746.74 
 403 4680.31 4650.65 4746.74 
 404 4699.15 4740.08 4746.74 
 405 4724.69 4711.86 4746.74 
 406 4789.77 4601.46 4746.74 
 407 4728.63 4638.96 4789.77 
 408 4719.81 4524.36 4789.77 
 409 4744.52 4524.82 4789.77 
 410 4732.86 4460.86 4789.77 
 411 4730.70 4627.68 4789.77 
 412 4711.60 4641.89 4789.77 
 413 4668.50 4662.54 4789.77 
 414 4750.59 4720.87 4789.77 
 415 4721.90 4729.74 4789.77 
 416 4703.21 4647.78 4789.77 
 417 4744.84 4675.55 4789.77 
 418 4711.37 4699.70 4789.77 
 419 4706.30 4629.48 4789.77 
 420 4683.98 4641.21 4789.77 
 421 4774.41 4706.52 4789.77 
 422 4727.43 4625.40 4789.77 
 423 4721.43 4668.53 4789.77 
 424 4724.05 4576.09 4789.77 
 425 4790.80 4554.36 4789.77 
 426 4670.12 4645.91 4790.80 
 427 4646.46 4737.33 4790.80 
 428 4733.74 4600.94 4790.80 
 429 4699.00 4012.41 4790.80 
 430 4689.71 4474.85 4790.80 
 431 4755.68 4519.38 4790.80 
 432 4755.46 4708.73 4790.80 
 433 4792.14 4403.38 4790.80 
 434 4689.85 4410.72 4792.14 
 435 4809.18 4577.82 4792.14 
 436 4760.58 4615.82 4809.18 
 437 4745.34 4598.79 4809.18 
 438 4736.08 4660.03 4809.18 
 439 4773.31 4633.91 4809.18 
 440 4720.24 4513.22 4809.18 
 441 4800.24 4494.94 4809.18 
 442 4744.96 4330.31 4809.18 
 443 4738.21 4456.07 4809.18 
 444 4807.43 4310.43 4809.18 
 445 4781.29 4685.51 4809.18 
 446 4773.86 4514.79 4809.18 
 447 4836.78 4504.63 4809.18 
 448 4803.37 4522.86 4836.78 
 449 4824.81 4487.70 4836.78 
 450 4826.03 4644.48 4836.78 
 451 4806.37 4583.64 4836.78 
 452 4723.91 4634.66 4836.78 
 453 4818.20 4453.15 4836.78 
 454 4841.86 4626.29 4836.78 
 455 4850.83 4471.38 4841.86 
 456 4849.26 4301.32 4850.83 
 457 4795.97 4242.56 4850.83 
 458 4779.99 4406.24 4850.83 
 459 4822.11 4365.26 4850.83 
 460 4838.37 4556.56 4850.83 
 461 4849.76 4537.79 4850.83 
 462 4793.41 4615.40 4850.83 
 463 4851.15 4717.21 4850.83 
 464 4825.88 4682.98 4851.15 
 465 4850.15 4643.83 4851.15 
 466 4831.17 4588.37 4851.15 
 467 4784.94 4594.72 4851.15 
 468 4820.01 4582.66 4851.15 
 469 4823.55 4554.21 4851.15 
 470 4857.31 4643.65 4851.15 
 471 4848.96 4712.65 4857.31 
 472 4837.53 4646.48 4857.31 
 473 4885.50 4671.12 4857.31 
 474 4780.34 4681.94 4885.50 
 475 4843.12 4716.17 4885.50 
 476 4875.71 4600.47 4885.50 
 477 4837.99 4646.33 4885.50 
 478 4827.32 4709.67 4885.50 
 479 4872.82 4703.80 4885.50 
 480 4876.39 4702.35 4885.50 
 481 4809.96 4645.52 4885.50 
 482 4842.00 4656.92 4885.50 
 483 4774.10 4678.05 4885.50 
 484 4831.39 4592.12 4885.50 
 485 4807.33 4490.26 4885.50 
 486 4824.84 4613.44 4885.50 
 487 4831.07 4682.79 4885.50 
 488 4835.66 4736.57 4885.50 
 489 4800.27 4535.14 4885.50 
 490 4813.95 4554.79 4885.50 
 491 4868.50 4548.96 4885.50 
 492 4883.67 4727.14 4885.50 
 493 4875.14 4711.12 4885.50 
 494 4885.36 4750.00 4885.50 
 495 4820.28 4846.76 4885.50 
 496 4803.48 4815.29 4885.50 
 497 4907.59 4814.26 4885.50 
 498 4894.31 4700.45 4907.59 
 499 4843.04 4776.54 4907.59 
 500 4831.46 4690.22 4907.59 
 501 4856.08 4672.09 4907.59 
 502 4899.64 4738.55 4907.59 
 503 4878.72 4708.29 4907.59 
 504 4854.31 4829.91 4907.59 
 505 4872.20 4869.26 4907.59 
 506 4887.33 4880.50 4907.59 
 507 4842.94 4882.17 4907.59 
 508 4869.08 4882.09 4907.59 
 509 4792.08 4861.56 4907.59 
 510 4899.27 4872.72 4907.59 
 511 4861.87 4843.09 4907.59 
 512 4840.43 4862.68 4907.59 
 513 4839.82 4808.34 4907.59 
 514 4830.67 4866.08 4907.59 
 515 4832.48 4902.32 4907.59 
 516 4880.89 4903.57 4907.59 
 517 4843.27 4919.35 4907.59 
 518 4894.89 4931.00 4907.59 
 519 4894.59 4902.63 4907.59 
 520 4866.18 4935.33 4907.59 
 521 4886.15 4900.68 4907.59 
 522 4863.10 4890.70 4907.59 
 523 4874.79 4729.99 4907.59 
 524 4918.22 4651.63 4907.59 
 525 4918.75 4713.19 4918.22 
 526 4893.24 4706.01 4918.75 
 527 4926.53 4748.87 4918.75 
 528 4891.27 4892.80 4926.53 
 529 4885.87 4723.06 4926.53 
 530 4832.33 4888.87 4926.53 
 531 4881.16 4850.54 4926.53 
 532 4849.21 4866.56 4926.53 
 533 4913.78 4888.03 4926.53 
 534 4775.62 4893.05 4926.53 
 535 4898.21 4820.84 4926.53 
 536 4920.39 4743.95 4926.53 
 537 4903.27 4823.67 4926.53 
 538 4891.43 4881.56 4926.53 
 539 4923.40 4862.01 4926.53 
 540 4917.52 4955.74 4926.53 
 541 4955.23 4909.83 4926.53 
 542 4925.13 4867.68 4955.23 
 543 4961.79 4972.77 4955.23 
 544 4868.90 4927.27 4961.79 
 545 4905.11 4861.70 4961.79 
 546 4841.67 4941.14 4961.79 
 547 4954.31 4808.32 4961.79 
 548 4903.50 4886.76 4961.79 
 549 4946.76 4907.56 4961.79 
 550 4935.75 4876.83 4961.79 
 551 4925.17 4904.94 4961.79 
 552 4908.01 4850.64 4961.79 
 553 4929.79 4823.90 4961.79 
 554 4880.34 4809.41 4961.79 
 555 4897.19 4930.24 4961.79 
 556 4959.77 4790.22 4961.79 
 557 4954.84 4775.65 4961.79 
 558 4958.06 4745.93 4961.79 
 559 4921.04 4828.10 4961.79 
 560 4966.84 4855.70 4961.79 
 561 4862.30 4869.85 4966.84 
 562 4967.69 4844.57 4966.84 
 563 4931.08 4830.09 4967.69 
 564 4836.49 4826.95 4967.69 
 565 4970.40 4739.16 4967.69 
 566 4954.83 4636.82 4970.40 
 567 4928.19 4818.85 4970.40 
 568 4943.71 4745.82 4970.40 
 569 4904.34 4863.31 4970.40 
 570 5010.14 4832.81 4970.40 
 571 4953.45 4856.29 5010.14 
 572 4959.99 4870.55 5010.14 
 573 4968.27 4947.60 5010.14 
 574 4945.72 4965.97 5010.14 
 575 4993.25 4970.33 5010.14 
 576 4962.79 4945.12 5010.14 
 577 4924.41 4962.34 5010.14 
 578 4957.27 4833.50 5010.14 
 579 4973.78 4942.68 5010.14 
 580 4958.83 4916.44 5010.14 
 581 4935.25 4857.51 5010.14 
 582 4977.08 4781.91 5010.14 
 583 4942.91 4864.25 5010.14 
 584 4849.92 4847.47 5010.14 
 585 4911.39 4846.22 5010.14 
 586 4922.24 4886.59 5010.14 
 587 4981.58 4925.10 5010.14 
 588 4944.52 4919.16 5010.14 
 589 4925.16 4841.41 5010.14 
 590 4915.53 4984.01 5010.14 
 591 4907.76 4878.65 5010.14 
 592 4955.76 4939.79 5010.14 
 593 4937.76 4824.96 5010.14 
 594 4981.70 4743.57 5010.14 
 595 4963.92 4786.87 5010.14 
 596 5017.63 4841.86 5010.14 
 597 4983.08 4664.35 5017.63 
 598 4984.76 4803.43 5017.63 
 599 4926.69 4754.43 5017.63 
 600 4928.12 4978.98 5017.63 
 601 4952.77 4914.57 5017.63 
 602 4976.25 4920.62 5017.63 
 603 4994.33 4935.61 5017.63 
 604 4938.32 5006.46 5017.63 
 605 4988.36 5004.87 5017.63 
 606 5021.48 4973.10 5017.63 
 607 4959.61 4977.18 5021.48 
 608 5018.20 4995.25 5021.48 
 609 5011.11 4995.75 5021.48 
 610 5007.95 4977.09 5021.48 
 611 5049.61 4927.90 5021.48 
 612 4952.66 4898.62 5049.61 
 613 5045.67 4898.17 5049.61 
 614 4969.93 5013.64 5049.61 
 615 4938.86 4919.62 5049.61 
 616 4993.89 4952.89 5049.61 
 617 5017.30 4958.76 5049.61 
 618 5015.22 5032.17 5049.61 
 619 4983.48 5041.41 5049.61 
 620 5026.01 4952.04 5049.61 
 621 5081.63 4988.61 5049.61 
 622 5019.47 5016.58 5081.63 
 623 4971.16 5017.77 5081.63 
 624 5056.71 5008.44 5081.63 
 625 5026.94 5022.00 5081.63 
 626 5042.71 5010.12 5081.63 
 627 4956.21 4989.90 5081.63 
 628 5036.59 4984.16 5081.63 
 629 4999.20 5008.20 5081.63 
 630 5071.04 5012.61 5081.63 
 631 4954.08 4963.98 5081.63 
 632 5048.54 4865.21 5081.63 
 633 4974.65 4865.28 5081.63 
 634 5048.96 4720.15 5081.63 
 635 5011.44 4753.54 5081.63 
 636 5005.69 4814.10 5081.63 
 637 5059.01 4728.23 5081.63 
 638 4978.27 4660.80 5081.63 
 639 5042.46 4550.30 5081.63 
 640 5012.05 4637.65 5081.63 
 641 4998.70 4746.70 5081.63 
 642 4985.60 4757.89 5081.63 
 643 5022.10 4747.96 5081.63 
 644 5021.94 4624.04 5081.63 
 645 5028.65 4643.27 5081.63 
 646 4998.28 4694.56 5081.63 
 647 5050.10 4786.78 5081.63 
 648 5073.18 4857.21 5081.63 
 649 5024.35 4747.53 5081.63 
 650 5018.27 4854.94 5081.63 
 651 5073.86 4716.61 5081.63 
 652 5023.23 4796.92 5081.63 
 653 5030.86 4750.55 5081.63 
 654 5069.41 4422.87 5081.63 
 655 5038.82 4534.50 5081.63 
 656 5019.20 4836.44 5081.63 
 657 5037.73 4664.66 5081.63 
 658 5063.71 4890.04 5081.63 
 659 5088.39 4770.33 5081.63 
 660 5048.64 4899.92 5088.39 
 661 5028.20 4679.15 5088.39 
 662 5007.11 4711.35 5088.39 
 663 5061.58 4698.38 5088.39 
 664 5027.71 4635.43 5088.39 
 665 5088.57 4724.53 5088.39 
 666 5078.97 4902.78 5088.57 
 667 5060.32 4735.52 5088.57 
 668 5057.22 4987.92 5088.57 
 669 5013.79 4911.58 5088.57 
 670 5010.40 4872.48 5088.57 
 671 5080.94 4987.78 5088.57 
 672 5044.71 4933.12 5088.57 
 673 5055.36 4886.55 5088.57 
 674 5036.32 4992.45 5088.57 
 675 5035.27 4988.20 5088.57 
 676 5069.52 4861.65 5088.57 
 677 4922.97 4939.34 5088.57 
 678 5041.28 4966.51 5088.57 
 679 5018.26 5032.88 5088.57 
 680 5026.41 4801.22 5088.57 
 681 5036.40 4892.52 5088.57 
 682 5041.46 4905.36 5088.57 
 683 5060.84 4932.17 5088.57 
 684 4996.02 5069.18 5088.57 
 685 5086.23 4908.90 5088.57 
 686 5105.85 5030.80 5088.57 
 687 4985.10 4945.10 5105.85 
 688 5101.83 4998.43 5105.85 
 689 5052.60 4994.94 5105.85 
 690 4995.36 4991.37 5105.85 
 691 5087.95 4883.96 5105.85 
 692 5106.27 4923.80 5105.85 
 693 5071.13 5022.05 5106.27 
 694 4976.20 4862.85 5106.27 
 695 5072.88 4856.05 5106.27 
 696 5066.42 4839.73 5106.27 
 697 5051.89 4922.46 5106.27 
 698 4991.70 4953.03 5106.27 
 699 5036.57 4781.39 5106.27 
 700 5022.84 4950.29 5106.27 
 701 5027.47 4912.89 5106.27 
 702 5086.36 4848.47 5106.27 
 703 5066.00 4700.10 5106.27 
 704 5084.26 4529.29 5106.27 
 705 5116.82 4810.35 5106.27 
 706 5112.06 4775.18 5116.82 
 707 5023.19 4781.30 5116.82 
 708 5014.82 4712.42 5116.82 
 709 5063.80 4823.70 5116.82 
 710 5068.25 4821.31 5116.82 
 711 5071.66 4875.21 5116.82 
 712 5046.75 4951.27 5116.82 
 713 5008.50 5061.57 5116.82 
 714 5073.45 5027.79 5116.82 
 715 5073.01 4931.70 5116.82 
 716 5099.48 4933.74 5116.82 
 717 5069.73 4965.54 5116.82 
 718 5043.41 4949.47 5116.82 
 719 5051.86 4869.63 5116.82 
 720 5056.03 4930.75 5116.82 
 721 5073.41 4962.44 5116.82 
 722 5057.46 4959.71 5116.82 
 723 5064.07 5071.47 5116.82 
 724 5020.25 4933.30 5116.82 
 725 5047.04 4934.15 5116.82 
 726 5075.35 5057.05 5116.82 
 727 5043.24 5052.97 5116.82 
 728 5054.05 4983.65 5116.82 
 729 5088.94 4943.05 5116.82 
 730 5107.49 4949.26 5116.82 
 731 5116.89 4988.13 5116.82 
 732 5120.84 5017.55 5116.89 
 733 5132.90 4955.23 5120.84 
 734 4996.23 5076.23 5132.90 
 735 5090.81 5064.81 5132.90 
 736 5005.17 5034.70 5132.90 
 737 5096.97 4954.09 5132.90 
 738 5073.24 4757.08 5132.90 
 739 5027.03 4923.18 5132.90 
 740 5097.99 4953.40 5132.90 
 741 5122.37 4971.62 5132.90 
 742 5086.21 4845.67 5132.90 
 743 5115.12 4719.79 5132.90 
 744 5079.07 4741.05 5132.90 
 745 5107.35 4935.35 5132.90 
 746 5032.17 4995.06 5132.90 
 747 5066.26 4990.10 5132.90 
 748 5109.34 4864.85 5132.90 
 749 5071.97 4876.46 5132.90 
 750 5112.63 4922.93 5132.90 
 751 5065.80 4858.64 5132.90 
 752 5062.98 4866.58 5132.90 
 753 5092.49 4894.32 5132.90 
 754 5125.13 4854.07 5132.90 
 755 5054.90 4947.17 5132.90 
 756 5078.88 4978.68 5132.90 
 757 5098.35 4986.78 5132.90 
 758 5076.18 4965.90 5132.90 
 759 5071.82 4916.57 5132.90 
 760 5091.23 4852.91 5132.90 
 761 5105.19 4919.59 5132.90 
 762 5075.41 4968.23 5132.90 
 763 5074.35 4935.34 5132.90 
 764 5117.61 4941.85 5132.90 
 765 5110.84 4721.15 5132.90 
 766 5072.31 4834.14 5132.90 
 767 5092.76 4931.42 5132.90 
 768 5087.97 4937.24 5132.90 
 769 5134.23 5011.30 5132.90 
 770 5110.59 4908.72 5134.23 
 771 5098.05 5048.69 5134.23 
 772 5115.06 4783.69 5134.23 
 773 5050.24 4926.97 5134.23 
 774 5108.30 4997.01 5134.23 
 775 5132.08 5007.32 5134.23 
 776 5112.25 4986.88 5134.23 
 777 5104.80 4987.44 5134.23 
 778 5110.01 4962.31 5134.23 
 779 5129.31 4960.43 5134.23 
 780 5097.30 4979.22 5134.23 
 781 5139.10 4969.39 5134.23 
 782 5100.76 4977.12 5139.10 
 783 5117.64 4958.04 5139.10 
 784 5065.13 4955.96 5139.10 
 785 5027.31 4785.19 5139.10 
 786 5124.72 4844.85 5139.10 
 787 5092.04 4854.07 5139.10 
 788 5120.60 4892.30 5139.10 
 789 5138.56 4974.83 5139.10 
 790 5125.55 4953.54 5139.10 
 791 5126.25 4875.51 5139.10 
 792 5157.27 4851.42 5139.10 
 793 5122.86 5003.80 5157.27 
 794 5052.09 4933.53 5157.27 
 795 5117.55 4834.27 5157.27 
 796 5069.86 4973.83 5157.27 
 797 5145.60 4844.48 5157.27 
 798 5136.98 4725.73 5157.27 
 799 5107.87 4916.92 5157.27 
 800 5123.81 4900.48 5157.27 
 801 5157.17 4891.72 5157.27 
 802 5154.67 4946.14 5157.27 
 803 5157.95 4795.00 5157.27 
 804 5093.48 4749.31 5157.95 
 805 5088.64 4815.26 5157.95 
 806 5159.43 4902.32 5157.95 
 807 5151.08 4883.67 5159.43 
 808 5151.37 4762.05 5159.43 
 809 5180.90 4861.21 5159.43 
 810 5090.61 4808.45 5180.90 
 811 5159.26 4832.02 5180.90 
 812 5033.63 4848.82 5180.90 
 813 5150.48 4916.45 5180.90 
 814 5122.81 4817.38 5180.90 
 815 5170.20 4828.95 5180.90 
 816 5103.16 4964.67 5180.90 
 817 5143.47 4898.68 5180.90 
 818 5124.33 4944.97 5180.90 
 819 5159.71 4877.97 5180.90 
 820 5134.31 4880.12 5180.90 
 821 5145.36 4897.11 5180.90 
 822 5146.22 5020.13 5180.90 
 823 5116.18 4836.37 5180.90 
 824 5179.98 4846.59 5180.90 
 825 5171.79 4828.75 5180.90 
 826 5169.33 4829.07 5180.90 
 827 5131.25 4782.49 5180.90 
 828 5089.92 4774.89 5180.90 
 829 5149.94 4875.08 5180.90 
 830 5166.29 4863.10 5180.90 
 831 5154.47 4863.44 5180.90 
 832 5154.99 4764.42 5180.90 
 833 5156.93 4862.11 5180.90 
 834 5073.53 4780.19 5180.90 
 835 5195.04 4944.40 5180.90 
 836 5105.98 4716.37 5195.04 
 837 5065.34 4862.96 5195.04 
 838 5195.46 4847.09 5195.04 
 839 5138.81 4711.95 5195.46 
 840 5133.76 4885.32 5195.46 
 841 5184.10 4872.01 5195.46 
 842 5173.48 4930.56 5195.46 
 843 5117.93 4716.42 5195.46 
 844 5179.60 4752.61 5195.46 
 845 5183.24 4957.58 5195.46 
 846 5178.76 4929.96 5195.46 
 847 5124.36 4831.48 5195.46 
 848 5088.49 4828.35 5195.46 
 849 5144.87 4814.36 5195.46 
 850 5151.81 4677.21 5195.46 
 851 5211.59 4788.39 5195.46 
 852 5148.88 4758.24 5211.59 
 853 5170.26 4841.95 5211.59 
 854 5166.01 4861.40 5211.59 
 855 5155.66 4862.12 5211.59 
 856 5154.75 4980.50 5211.59 
 857 5146.21 4868.17 5211.59 
 858 5148.54 4841.63 5211.59 
 859 5138.46 4742.61 5211.59 
 860 5187.13 4746.47 5211.59 
 861 5159.39 4885.04 5211.59 
 862 5181.88 4769.55 5211.59 
 863 5109.16 4764.98 5211.59 
 864 5134.92 4960.63 5211.59 
 865 5184.34 4866.82 5211.59 
 866 5155.09 4900.86 5211.59 
 867 5172.21 4846.11 5211.59 
 868 5173.60 4837.06 5211.59 
 869 5170.53 4777.36 5211.59 
 870 5163.95 4959.34 5211.59 
 871 5175.16 4875.12 5211.59 
 872 5150.18 4934.25 5211.59 
 873 5190.92 5010.56 5211.59 
 874 5117.81 5006.49 5211.59 
 875 5175.70 4996.13 5211.59 
 876 5143.22 4963.87 5211.59 
 877 5165.75 4983.85 5211.59 
 878 5132.93 4833.31 5211.59 
 879 5192.81 4897.45 5211.59 
 880 5190.56 4821.97 5211.59 
 881 5180.18 4879.49 5211.59 
 882 5198.59 4913.28 5211.59 
 883 5197.12 4966.76 5211.59 
 884 5164.84 4996.13 5211.59 
 885 5177.58 4927.24 5211.59 
 886 5195.52 5013.31 5211.59 
 887 5196.25 5054.46 5211.59 
 888 5121.95 4905.17 5211.59 
 889 5174.70 5025.74 5211.59 
 890 5123.18 4882.35 5211.59 
 891 5188.96 4934.07 5211.59 
 892 5148.45 4665.57 5211.59 
 893 5152.96 4925.58 5211.59 
 894 5214.35 4952.26 5211.59 
 895 5189.22 4792.64 5214.35 
 896 5191.89 4924.91 5214.35 
 897 5170.84 5016.04 5214.35 
 898 5136.48 5061.19 5214.35 
 899 5129.66 5128.15 5214.35 
 900 5181.48 5115.45 5214.35 
 901 5183.94 5044.42 5214.35 
 902 5159.43 4934.52 5214.35 
 903 5124.92 4792.13 5214.35 
 904 5130.64 5008.56 5214.35 
 905 5118.71 4865.24 5214.35 
 906 5211.07 4933.32 5214.35 
 907 5179.16 4974.89 5214.35 
 908 5231.43 5039.16 5214.35 
 909 5111.82 5023.72 5231.43 
 910 5124.96 4914.74 5231.43 
 911 5147.38 4944.00 5231.43 
 912 5171.45 5025.49 5231.43 
 913 5160.04 5064.26 5231.43 
 914 5166.25 5069.93 5231.43 
 915 5133.00 5162.71 5231.43 
 916 5198.46 5035.57 5231.43 
 917 5127.75 5029.40 5231.43 
 918 5183.93 5033.78 5231.43 
 919 5140.89 4907.99 5231.43 
 920 5164.84 5001.69 5231.43 
 921 5087.99 4999.06 5231.43 
 922 5077.51 4984.13 5231.43 
 923 5147.15 4787.90 5231.43 
 924 5155.86 4982.83 5231.43 
 925 5200.57 4923.27 5231.43 
 926 5182.10 5045.67 5231.43 
 927 5151.94 4994.17 5231.43 
 928 5122.21 5001.34 5231.43 
 929 5162.89 4942.27 5231.43 
 930 5206.47 4870.96 5231.43 
 931 5202.09 4985.25 5231.43 
 932 5214.41 5001.04 5231.43 
 933 5157.84 5027.66 5231.43 
 934 5096.38 5027.77 5231.43 
 935 5157.21 5047.54 5231.43 
 936 5160.77 5025.29 5231.43 
 937 5180.19 5058.75 5231.43 
 938 5167.88 4953.25 5231.43 
 939 5197.42 5152.44 5231.43 
 940 5185.74 5032.14 5231.43 
 941 5186.63 5168.60 5231.43 
 942 5133.56 5142.58 5231.43 
 943 5217.01 5117.99 5231.43 
 944 5134.88 4993.43 5231.43 
 945 5141.68 5122.96 5231.43 
 946 5158.11 5119.47 5231.43 
 947 5131.19 5138.73 5231.43 
 948 5191.94 5129.45 5231.43 
 949 5075.13 5176.93 5231.43 
 950 5170.38 5144.39 5231.43 
 951 5184.12 5157.10 5231.43 
 952 5093.39 5186.17 5231.43 
 953 5140.09 5086.44 5231.43 
 954 5111.37 5206.04 5231.43 
 955 5149.90 5175.28 5231.43 
 956 5160.32 5128.90 5231.43 
 957 5168.24 4973.33 5231.43 
 958 5172.14 5005.28 5231.43 
 959 5178.02 4973.71 5231.43 
 960 5152.51 4984.42 5231.43 
 961 5174.50 5035.70 5231.43 
 962 5120.16 4877.78 5231.43 
 963 5149.71 5144.78 5231.43 
 964 5220.07 5167.37 5231.43 
 965 5154.82 5150.96 5231.43 
 966 5152.36 5139.67 5231.43 
 967 5201.75 5146.96 5231.43 
 968 5179.07 5141.48 5231.43 
 969 5149.64 5033.31 5231.43 
 970 5197.57 5174.30 5231.43 
 971 5208.08 5180.38 5231.43 
 972 5139.10 5182.94 5231.43 
 973 5081.21 5173.06 5231.43 
 974 5138.84 5146.61 5231.43 
 975 5199.79 5144.55 5231.43 
 976 5210.06 5025.68 5231.43 
 977 5205.51 5080.43 5231.43 
 978 5194.20 5154.63 5231.43 
 979 5127.44 5106.50 5231.43 
 980 5252.11 5068.27 5231.43 
 981 5174.82 5065.10 5252.11 
 982 5158.62 5045.61 5252.11 
 983 5194.67 5112.36 5252.11 
 984 5191.96 5066.72 5252.11 
 985 5204.49 5133.48 5252.11 
 986 5211.76 5122.94 5252.11 
 987 5205.73 5071.55 5252.11 
 988 5223.45 5137.89 5252.11 
 989 5092.41 4943.66 5252.11 
 990 5155.15 4735.89 5252.11 
 991 5203.18 4843.18 5252.11 
 992 5190.27 4977.06 5252.11 
 993 5212.49 5009.70 5252.11 
 994 5200.90 4996.24 5252.11 
 995 5201.54 5121.44 5252.11 
 996 5191.02 4996.97 5252.11 
 997 5103.02 4974.62 5252.11 
 998 5186.75 5053.88 5252.11 
 999 5168.77 5057.15 5252.11 
1000 5223.76 4983.13 5252.11 
1001 5167.72 5028.04 5252.11 
1002 5230.61 5048.91 5252.11 
1003 5169.98 4992.97 5252.11 
1004 5216.59 4962.09 5252.11 
1005 5211.40 5104.45 5252.11 
1006 5153.06 5063.56 5252.11 
1007 5175.30 5078.80 5252.11 
1008 5209.43 5113.16 5252.11 
1009 5202.36 5139.57 5252.11 
1010 5169.95 5091.80 5252.11 
1011 5188.15 5065.34 5252.11 
1012 5243.79 5183.94 5252.11 
1013 5216.02 5177.34 5252.11 
1014 5163.77 5063.61 5252.11 
1015 5170.80 5170.73 5252.11 
1016 5167.92 5176.63 5252.11 
1017 5230.08 5144.89 5252.11 
1018 5192.67 5156.14 5252.11 
1019 5245.67 5159.12 5252.11 
1020 5234.24 5071.97 5252.11 
1021 5163.90 5185.59 5252.11 
1022 5210.62 5156.82 5252.11 
1023 5185.22 5045.11 5252.11 
1024 5229.52 5054.01 5252.11 
1025 5186.60 5008.22 5252.11 
1026 5213.20 5020.97 5252.11 
1027 5239.49 4979.31 5252.11 
1028 5221.31 5073.64 5252.11 
1029 5195.08 5068.17 5252.11 
1030 5132.65 5083.74 5252.11 
1031 5211.30 5079.27 5252.11 
1032 5177.20 5197.43 5252.11 
1033 5208.74 5197.97 5252.11 
1034 5219.10 5203.31 5252.11 
1035 5217.18 5205.06 5252.11 
1036 5220.30 5175.54 5252.11 
1037 5198.65 5114.37 5252.11 
1038 5211.15 5157.27 5252.11 
1039 5211.63 4979.56 5252.11 
1040 5246.19 5173.67 5252.11 
1041 5204.87 5045.32 5252.11 
1042 5202.68 4952.92 5252.11 
1043 5217.21 5082.62 5252.11 
1044 5213.45 5143.76 5252.11 
1045 5171.40 5020.18 5252.11 
1046 5212.17 5066.86 5252.11 
1047 5227.75 4956.65 5252.11 
1048 5239.87 4895.45 5252.11 
1049 5258.65 5001.51 5252.11 
1050 5173.20 5170.44 5258.65 
1051 5196.16 5017.90 5258.65 
1052 5242.83 5039.34 5258.65 
1053 5238.63 4949.40 5258.65 
1054 5190.78 4900.92 5258.65 
1055 5223.11 5020.76 5258.65 
1056 5209.85 5065.25 5258.65 
1057 5224.59 5120.96 5258.65 
1058 5200.02 5178.00 5258.65 
1059 5264.11 5150.03 5258.65 
1060 5169.47 4916.96 5264.11 
1061 5196.52 4959.21 5264.11 
1062 5268.70 5098.17 5264.11 
1063 5174.02 4893.97 5268.70 
1064 5188.05 5007.47 5268.70 
1065 5229.79 4905.25 5268.70 
1066 5150.21 5024.95 5268.70 
1067 5245.93 4951.36 5268.70 
1068 5207.19 4966.20 5268.70 
1069 5221.26 5057.87 5268.70 
1070 5195.29 5041.45 5268.70 
1071 5236.91 5029.24 5268.70 
1072 5227.29 5121.17 5268.70 
1073 5219.30 5095.87 5268.70 
1074 5201.19 5135.16 5268.70 
1075 5232.28 4969.36 5268.70 
1076 5194.26 5165.60 5268.70 
1077 5220.27 5129.52 5268.70 
1078 5216.24 5167.49 5268.70 
1079 5244.91 5076.94 5268.70 
1080 5250.31 5066.06 5268.70 
1081 5194.89 5063.35 5268.70 
1082 5197.00 5124.49 5268.70 
1083 5218.41 4949.24 5268.70 
1084 5172.16 5095.51 5268.70 
1085 5213.06 5126.89 5268.70 
1086 5244.98 5037.86 5268.70 
1087 5166.02 5115.14 5268.70 
1088 5238.82 5154.00 5268.70 
1089 5243.58 5068.24 5268.70 
1090 5197.27 5064.81 5268.70 
1091 5239.34 5099.47 5268.70 
1092 5185.52 5087.88 5268.70 
1093 5249.96 5057.09 5268.70 
1094 5251.19 4991.47 5268.70 
1095 5221.60 4952.65 5268.70 
1096 5220.94 4970.98 5268.70 
1097 5229.14 5111.50 5268.70 
1098 5239.83 5067.65 5268.70 
1099 5258.55 5040.40 5268.70 
1100 5148.10 5104.27 5268.70 
1101 5259.10 5020.65 5268.70 
1102 5225.96 4997.62 5268.70 
1103 5196.47 4980.96 5268.70 
1104 5223.29 5070.94 5268.70 
1105 5192.98 5069.95 5268.70 
1106 5174.21 5087.47 5268.70 
1107 5205.61 5079.88 5268.70 
1108 5248.20 5059.08 5268.70 
1109 5201.91 5064.50 5268.70 
1110 5225.97 5094.09 5268.70 
1111 5208.37 5064.04 5268.70 
1112 5143.75 5078.06 5268.70 
1113 5187.32 5035.73 5268.70 
1114 5231.40 5077.88 5268.70 
1115 5211.50 5068.43 5268.70 
1116 5251.71 5085.55 5268.70 
1117 5180.56 5104.37 5268.70 
1118 5244.28 5102.59 5268.70 
1119 5195.44 5107.51 5268.70 
1120 5229.37 5096.58 5268.70 
1121 5242.48 5103.36 5268.70 
1122 5257.26 5093.61 5268.70 
1123 5150.33 5084.64 5268.70 
1124 5181.60 5080.37 5268.70 
1125 5188.48 5076.85 5268.70 
1126 5146.43 5150.74 5268.70 
1127 5206.33 5148.65 5268.70 
1128 5213.37 5121.99 5268.70 
1129 5248.88 5163.52 5268.70 
1130 5230.05 5149.19 5268.70 
1131 5222.28 5184.13 5268.70 
1132 5235.60 5103.11 5268.70 
1133 5253.26 5102.42 5268.70 
1134 5276.10 5064.50 5268.70 
1135 5235.86 5041.00 5276.10 
1136 5225.09 5090.48 5276.10 
1137 5217.21 5011.82 5276.10 
1138 5241.33 5008.03 5276.10 
1139 5248.26 5072.00 5276.10 
1140 5223.80 4997.58 5276.10 
1141 5176.19 5105.68 5276.10 
1142 5268.63 5096.78 5276.10 
1143 5207.11 4982.71 5276.10 
1144 5251.82 5102.53 5276.10 
1145 5256.00 5061.99 5276.10 
1146 5248.02 5143.02 5276.10 
1147 5246.01 5105.19 5276.10 
1148 5257.10 5091.99 5276.10 
1149 5239.65 5097.86 5276.10 
1150 5219.31 5107.36 5276.10 
1151 5205.62 5120.72 5276.10 
1152 5257.90 5097.94 5276.10 
1153 5278.98 4977.45 5276.10 
1154 5291.77 4997.07 5278.98 
1155 5234.71 4935.92 5291.77 
1156 5259.81 4975.74 5291.77 
1157 5268.62 5005.35 5291.77 
1158 5253.87 4978.87 5291.77 
1159 5233.00 4888.15 5291.77 
1160 5293.99 5083.09 5291.77 
1161 5269.66 5047.07 5293.99 
1162 5253.52 5138.56 5293.99 
1163 5225.88 5098.79 5293.99 
1164 5243.66 5125.01 5293.99 
1165 5267.50 5122.82 5293.99 
1166 5208.03 5118.42 5293.99 
1167 5277.71 5124.38 5293.99 
1168 5234.14 5119.84 5293.99 
1169 5201.55 5146.60 5293.99 
1170 5222.10 5139.73 5293.99 
1171 5268.40 5125.86 5293.99 
1172 5225.52 5141.69 5293.99 
1173 5258.01 5128.36 5293.99 
1174 5232.41 5133.64 5293.99 
1175 5238.47 5114.93 5293.99 
1176 5273.98 5130.94 5293.99 
1177 5148.59 5118.93 5293.99 
1178 5243.01 5128.44 5293.99 
1179 5261.90 5107.09 5293.99 
1180 5290.70 5120.52 5293.99 
1181 5275.27 5145.53 5293.99 
1182 5300.74 5077.16 5293.99 
1183 5275.38 5128.73 5300.74 
1184 5279.65 5035.67 5300.74 
1185 5262.66 5146.74 5300.74 
1186 5283.65 5120.48 5300.74 
1187 5282.40 5107.43 5300.74 
1188 5263.00 5099.22 5300.74 
1189 5166.51 5134.78 5300.74 
1190 5254.95 5130.54 5300.74 
1191 5202.41 5108.87 5300.74 
1192 5249.11 5144.93 5300.74 
1193 5243.30 5114.37 5300.74 
1194 5224.02 5090.87 5300.74 
1195 5278.71 5004.50 5300.74 
1196 5184.73 4892.11 5300.74 
1197 5216.16 4913.54 5300.74 
1198 5248.68 5033.30 5300.74 
1199 5271.86 5096.03 5300.74 
1200 5204.49 5091.81 5300.74 
1201 5219.34 5125.54 5300.74 
1202 5265.82 5039.27 5300.74 
1203 5265.34 5020.83 5300.74 
1204 5282.46 5019.94 5300.74 
1205 5184.24 4948.92 5300.74 
1206 5269.54 5029.38 5300.74 
1207 5214.86 4929.12 5300.74 
1208 5268.58 4958.98 5300.74 
1209 5240.95 4930.70 5300.74 
1210 5249.45 5021.56 5300.74 
1211 5279.98 4935.76 5300.74 
1212 5222.86 5071.84 5300.74 
1213 5151.26 4966.41 5300.74 
1214 5203.89 5011.94 5300.74 
1215 5227.15 5072.95 5300.74 
1216 5254.73 4977.30 5300.74 
1217 5198.27 4944.95 5300.74 
1218 5186.44 5083.16 5300.74 
1219 5237.06 5007.08 5300.74 
1220 5283.66 5031.02 5300.74 
1221 5191.37 4992.46 5300.74 
1222 5246.49 4892.94 5300.74 
1223 5241.63 4980.98 5300.74 
1224 5270.23 4987.92 5300.74 
1225 5213.63 5058.96 5300.74 
1226 5181.63 5078.46 5300.74 
1227 5264.23 5001.68 5300.74 
1228 5254.91 5068.90 5300.74 
1229 5184.50 5002.17 5300.74 
1230 5239.81 5135.38 5300.74 
1231 5212.14 5122.41 5300.74 
1232 5253.76 5088.22 5300.74 
1233 5229.40 4998.43 5300.74 
1234 5233.25 5059.09 5300.74 
1235 5194.33 5083.27 5300.74 
1236 5223.06 5087.67 5300.74 
1237 5196.80 5087.30 5300.74 
1238 5288.41 4960.70 5300.74 
1239 5279.69 4969.22 5300.74 
1240 5299.10 4988.32 5300.74 
1241 5266.94 4972.88 5300.74 
1242 5263.54 5061.07 5300.74 
1243 5225.00 5140.46 5300.74 
1244 5220.26 5113.38 5300.74 
1245 5269.47 5211.05 5300.74 
1246 5200.06 5120.20 5300.74 
1247 5165.52 5151.51 5300.74 
1248 5289.40 5112.74 5300.74 
1249 5245.62 4891.36 5300.74 
1250 5271.52 5099.85 5300.74 
1251 5177.95 5096.85 5300.74 
1252 5256.69 5186.43 5300.74 
1253 5233.54 5098.21 5300.74 
1254 5271.38 5031.99 5300.74 
1255 5264.97 5155.30 5300.74 
1256 5300.92 5133.40 5300.74 
1257 5269.75 5136.10 5300.92 
1258 5248.06 5012.39 5300.92 
1259 5198.17 5105.62 5300.92 
1260 5265.08 5128.31 5300.92 
1261 5266.85 5166.61 5300.92 
1262 5261.19 5120.00 5300.92 
1263 5180.65 5161.10 5300.92 
1264 5242.15 5194.17 5300.92 
1265 5251.21 5199.20 5300.92 
1266 5271.03 5032.87 5300.92 
1267 5269.55 4943.31 5300.92 
1268 5219.14 5138.00 5300.92 
1269 5241.92 5043.68 5300.92 
1270 5238.12 5151.51 5300.92 
1271 5248.75 5146.89 5300.92 
1272 5272.86 5043.93 5300.92 
1273 5202.08 5065.71 5300.92 
1274 5237.41 5137.01 5300.92 
1275 5209.36 5027.89 5300.92 
1276 5223.43 5014.60 5300.92 
1277 5187.80 5124.85 5300.92 
1278 5252.84 5127.76 5300.92 
1279 5256.55 5124.93 5300.92 
1280 5190.44 5138.90 5300.92 
1281 5195.41 5124.22 5300.92 
1282 5227.60 5123.93 5300.92 
1283 5162.70 5126.47 5300.92 
1284 5255.39 5179.88 5300.92 
1285 5247.99 5137.27 5300.92 
1286 5212.70 5146.10 5300.92 
1287 5241.72 5034.05 5300.92 
1288 5213.97 5184.86 5300.92 
1289 5279.50 5122.11 5300.92 
1290 5250.43 5149.80 5300.92 
1291 5195.42 5030.36 5300.92 
1292 5244.17 5147.32 5300.92 
1293 5247.70 5127.13 5300.92 
1294 5217.38 5168.50 5300.92 
1295 5216.54 5198.22 5300.92 
1296 5270.08 5197.16 5300.92 
1297 5261.00 5210.28 5300.92 
1298 5205.42 5203.13 5300.92 
1299 5277.73 5122.71 5300.92 
1300 5276.95 5189.42 5300.92 
1301 5210.88 5164.50 5300.92 
1302 5279.34 5184.05 5300.92 
1303 5253.47 5210.34 5300.92 
1304 5255.92 5184.67 5300.92 
1305 5278.21 5012.58 5300.92 
1306 5227.42 5012.04 5300.92 
1307 5247.02 5128.94 5300.92 
1308 5247.42 5131.64 5300.92 
1309 5265.37 5046.87 5300.92 
1310 5293.27 5120.87 5300.92 
1311 5240.83 5168.52 5300.92 
1312 5213.27 5149.37 5300.92 
1313 5237.94 5142.48 5300.92 
1314 5283.92 5153.03 5300.92 
1315 5286.16 5177.74 5300.92 
1316 5203.43 5116.90 5300.92 
1317 5275.94 5149.13 5300.92 
1318 5289.76 5097.07 5300.92 
1319 5281.83 5199.09 5300.92 
1320 5245.92 5237.19 5300.92 
1321 5275.83 5157.66 5300.92 
1322 5244.19 5207.04 5300.92 
1323 5266.90 5174.96 5300.92 
1324 5215.30 5200.85 5300.92 
1325 5259.81 5245.96 5300.92 
1326 5258.40 5105.48 5300.92 
1327 5258.18 5239.01 5300.92 
1328 5262.06 5220.70 5300.92 
1329 5279.42 5223.59 5300.92 
1330 5259.96 5241.91 5300.92 
1331 5289.28 5245.68 5300.92 
1332 5306.52 5237.29 5300.92 
1333 5250.79 5243.87 5306.52 
1334 5297.75 5261.07 5306.52 
1335 5299.44 5238.23 5306.52 
1336 5258.15 5203.02 5306.52 
1337 5295.59 5035.29 5306.52 
1338 5280.59 5104.21 5306.52 
1339 5285.80 5151.98 5306.52 
1340 5253.57 5215.44 5306.52 
1341 5303.55 5206.50 5306.52 
1342 5269.86 5251.26 5306.52 
1343 5289.07 5119.70 5306.52 
1344 5288.65 5208.11 5306.52 
1345 5267.81 5214.21 5306.52 
1346 5296.19 5244.88 5306.52 
1347 5203.55 5264.06 5306.52 
1348 5283.80 5239.33 5306.52 
1349 5253.16 5262.47 5306.52 
1350 5279.34 5256.68 5306.52 
1351 5265.00 5245.35 5306.52 
1352 5258.89 5254.32 5306.52 
1353 5254.80 5247.88 5306.52 
1354 5219.47 5243.01 5306.52 
1355 5283.86 5249.94 5306.52 
1356 5288.08 5258.97 5306.52 
1357 5300.50 5272.76 5306.52 
1358 5285.75 5274.07 5306.52 
1359 5235.99 5252.39 5306.52 
1360 5288.71 5196.96 5306.52 
1361 5294.46 5221.82 5306.52 
1362 5310.18 5228.68 5306.52 
1363 5321.34 5250.35 5310.18 
1364 5291.69 5272.65 5321.34 
1365 5307.50 5274.78 5321.34 
1366 5266.88 5264.06 5321.34 
1367 5299.40 5249.93 5321.34 
1368 5293.29 5169.88 5321.34 
1369 5300.65 5256.88 5321.34 
1370 5264.16 5275.04 5321.34 
1371 5284.85 5237.20 5321.34 
1372 5240.54 5245.01 5321.34 
1373 5297.62 5159.25 5321.34 
1374 5324.04 5138.72 5321.34 
1375 5244.76 5224.60 5324.04 
1376 5261.75 5264.87 5324.04 
1377 5298.25 5271.75 5324.04 
1378 5325.16 5274.88 5324.04 
1379 5304.54 5274.72 5325.16 
1380 5297.33 5275.49 5325.16 
1381 5309.69 5277.61 5325.16 
1382 5285.20 5258.19 5325.16 
1383 5295.20 5281.78 5325.16 
1384 5297.88 5247.67 5325.16 
1385 5339.30 5262.48 5325.16 
1386 5269.90 5276.09 5339.30 
1387 5285.05 5285.74 5339.30 
1388 5314.43 5299.82 5339.30 
1389 5310.44 5292.53 5339.30 
1390 5236.03 5293.81 5339.30 
1391 5314.37 5259.70 5339.30 
1392 5261.82 5167.98 5339.30 
1393 5287.06 5262.14 5339.30 
1394 5183.28 5283.17 5339.30 
1395 5251.15 5295.49 5339.30 
1396 5299.88 5178.80 5339.30 
1397 5267.77 5184.46 5339.30 
1398 5289.42 5294.91 5339.30 
1399 5287.47 5227.20 5339.30 
1400 5311.16 5175.11 5339.30 
1401 5288.82 5160.86 5339.30 
1402 5250.06 5183.71 5339.30 
1403 5291.47 5263.24 5339.30 
1404 5252.44 5290.25 5339.30 
1405 5320.02 5285.76 5339.30 
1406 5331.07 5180.28 5339.30 
1407 5283.40 5167.48 5339.30 
1408 5234.75 5291.64 5339.30 
1409 5286.09 5265.23 5339.30 
1410 5253.86 5270.78 5339.30 
1411 5251.17 5251.18 5339.30 
1412 5273.20 5248.80 5339.30 
1413 5300.70 5182.21 5339.30 
1414 5280.98 5262.48 5339.30 
1415 5289.82 5274.90 5339.30 
1416 5216.24 5256.70 5339.30 
1417 5295.02 5256.89 5339.30 
1418 5260.94 5228.74 5339.30 
1419 5279.38 5197.77 5339.30 
1420 5264.79 5223.56 5339.30 
1421 5269.03 5249.85 5339.30 
1422 5267.46 5249.37 5339.30 
1423 5297.74 5267.87 5339.30 
1424 5261.84 5212.40 5339.30 
1425 5245.98 5191.63 5339.30 
1426 5285.54 5269.75 5339.30 
1427 5320.27 5271.00 5339.30 
1428 5309.95 5267.51 5339.30 
1429 5210.55 5215.68 5339.30 
1430 5293.86 5248.85 5339.30 
1431 5306.57 5259.48 5339.30 
1432 5272.86 5243.93 5339.30 
1433 5311.52 5284.01 5339.30 
1434 5281.75 5288.32 5339.30 
1435 5262.70 5283.49 5339.30 
1436 5307.56 5271.94 5339.30 
1437 5304.92 5293.38 5339.30 
1438 5308.18 5296.52 5339.30 
1439 5243.43 5293.78 5339.30 
1440 5242.15 5294.19 5339.30 
1441 5328.27 5290.68 5339.30 
1442 5284.87 5232.95 5339.30 
1443 5259.45 5181.74 5339.30 
1444 5297.15 5294.31 5339.30 
1445 5312.45 5289.57 5339.30 
1446 5260.18 5286.32 5339.30 
1447 5284.14 5282.29 5339.30 
1448 5283.61 5271.76 5339.30 
1449 5314.73 5278.64 5339.30 
1450 5324.30 5280.14 5339.30 
1451 5289.22 5256.78 5339.30 
1452 5300.54 5264.41 5339.30 
1453 5267.08 5294.68 5339.30 
1454 5276.62 5213.64 5339.30 
1455 5290.47 5294.19 5339.30 
1456 5196.68 5280.92 5339.30 
1457 5289.97 5235.68 5339.30 
1458 5281.99 5286.60 5339.30 
1459 5256.82 5271.33 5339.30 
1460 5278.84 5261.51 5339.30 
1461 5200.45 5308.68 5339.30 
1462 5263.05 5205.13 5339.30 
1463 5254.18 5294.34 5339.30 
1464 5313.06 5281.13 5339.30 
1465 5285.93 5173.36 5339.30 
1466 5259.87 5177.63 5339.30 
1467 5321.99 5246.14 5339.30 
1468 5268.87 5247.73 5339.30 
1469 5301.19 5250.94 5339.30 
1470 5292.49 5255.52 5339.30 
1471 5322.22 5256.20 5339.30 
1472 5252.26 5244.67 5339.30 
1473 5290.29 5226.79 5339.30 
1474 5247.05 5118.08 5339.30 
1475 5277.42 5203.15 5339.30 
1476 5316.81 5223.21 5339.30 
1477 5265.28 5215.53 5339.30 
1478 5285.87 5142.53 5339.30 
1479 5288.56 5256.69 5339.30 
1480 5306.06 5246.17 5339.30 
1481 5254.47 5280.70 5339.30 
1482 5297.11 5260.86 5339.30 
1483 5290.98 5239.22 5339.30 
1484 5258.61 5253.76 5339.30 
1485 5300.42 5258.69 5339.30 
1486 5294.07 5200.09 5339.30 
1487 5284.01 5195.25 5339.30 
1488 5310.22 5292.64 5339.30 
1489 5285.40 5274.72 5339.30 
1490 5266.26 5259.99 5339.30 
1491 5278.64 5276.60 5339.30 
1492 5295.82 5259.72 5339.30 
1493 5316.44 5261.94 5339.30 
1494 5283.72 5262.56 5339.30 
1495 5294.35 5272.46 5339.30 
1496 5285.75 5275.95 5339.30 
1497 5314.78 5132.72 5339.30 
1498 5284.21 5132.43 5339.30 
1499 5329.02 5121.11 5339.30 
1500 5210.19 5150.10 5339.30 
