Iter | Sampling Pol | Evaluation Pol | Best (Sampled) 
   0 -2578.25 -2110.10 -100000000.00 
   1 -2362.97 -2092.69 -2578.25 
   2 -2259.41 -2083.74 -2362.97 
   3 -2182.35 -2036.52 -2259.41 
   4 -2043.54 -1983.33 -2182.35 
   5 -2018.54 -1988.21 -2043.54 
   6 -2003.28 -1930.83 -2018.54 
   7 -1994.45 -1952.32 -2003.28 
   8 -1992.20 -1991.53 -1994.45 
   9 -1985.10 -1991.57 -1992.20 
  10 -1997.17 -1996.19 -1985.10 
  11 -1981.62 -2013.57 -1985.10 
  12 -1985.27 -2015.40 -1981.62 
  13 -1973.37 -2013.56 -1981.62 
  14 -2004.98 -1986.74 -1973.37 
  15 -1968.74 -2012.39 -1973.37 
  16 -1978.20 -1945.83 -1968.74 
  17 -1975.64 -2001.74 -1968.74 
  18 -1980.15 -1982.96 -1968.74 
  19 -1980.71 -1934.14 -1968.74 
  20 -1970.44 -2041.84 -1968.74 
  21 -1972.63 -2018.39 -1968.74 
  22 -1962.80 -1938.46 -1968.74 
  23 -1971.54 -1933.04 -1962.80 
  24 -1977.19 -1922.78 -1962.80 
  25 -1958.49 -1936.17 -1962.80 
  26 -1958.79 -1933.48 -1958.49 
  27 -1970.14 -1953.98 -1958.49 
  28 -1951.84 -1929.32 -1958.49 
  29 -1954.71 -1922.92 -1951.84 
  30 -1965.97 -1917.34 -1951.84 
  31 -1958.14 -1905.40 -1951.84 
  32 -1951.46 -1962.73 -1951.84 
  33 -1957.78 -1890.87 -1951.46 
  34 -1961.09 -1913.01 -1951.46 
  35 -1939.34 -1982.40 -1951.46 
  36 -1951.49 -1956.30 -1939.34 
  37 -1958.04 -1977.76 -1939.34 
  38 -1960.42 -1976.64 -1939.34 
  39 -1948.19 -1956.64 -1939.34 
  40 -1965.42 -1951.28 -1939.34 
  41 -1941.51 -1954.72 -1939.34 
  42 -1955.41 -1952.31 -1939.34 
  43 -1940.54 -1950.67 -1939.34 
  44 -1927.20 -1946.62 -1939.34 
  45 -1958.94 -1908.29 -1927.20 
  46 -1945.19 -1966.42 -1927.20 
  47 -1944.72 -1964.22 -1927.20 
  48 -1925.60 -1952.13 -1927.20 
  49 -1941.16 -1947.55 -1925.60 
  50 -1936.58 -1950.29 -1925.60 
  51 -1941.14 -1964.25 -1925.60 
  52 -1934.01 -1971.45 -1925.60 
  53 -1906.92 -1951.26 -1925.60 
  54 -1918.81 -1930.16 -1906.92 
  55 -1936.87 -1973.41 -1906.92 
  56 -1901.41 -1948.16 -1906.92 
  57 -1915.81 -1936.85 -1901.41 
  58 -1922.76 -1967.08 -1901.41 
  59 -1915.54 -1920.98 -1901.41 
  60 -1911.99 -1857.59 -1901.41 
  61 -1893.67 -1888.43 -1901.41 
  62 -1913.70 -1965.22 -1893.67 
  63 -1897.20 -1965.74 -1893.67 
  64 -1917.34 -1965.83 -1893.67 
  65 -1921.98 -1977.37 -1893.67 
  66 -1892.54 -1967.69 -1893.67 
  67 -1900.77 -1982.90 -1892.54 
  68 -1890.35 -1976.45 -1892.54 
  69 -1912.01 -1962.15 -1890.35 
  70 -1890.81 -1943.92 -1890.35 
  71 -1914.05 -1860.70 -1890.35 
  72 -1904.93 -1865.25 -1890.35 
  73 -1916.78 -1884.80 -1890.35 
  74 -1883.94 -1872.87 -1890.35 
  75 -1888.05 -1961.88 -1883.94 
  76 -1900.60 -1982.58 -1883.94 
  77 -1893.17 -1943.50 -1883.94 
  78 -1868.58 -1888.82 -1883.94 
  79 -1852.20 -1902.77 -1868.58 
  80 -1889.49 -1827.27 -1852.20 
  81 -1897.55 -1871.57 -1852.20 
  82 -1870.65 -1846.47 -1852.20 
  83 -1855.12 -1782.30 -1852.20 
  84 -1857.65 -1838.11 -1852.20 
  85 -1859.50 -1848.87 -1852.20 
  86 -1880.87 -1814.81 -1852.20 
  87 -1799.78 -1862.74 -1852.20 
  88 -1840.87 -1869.14 -1799.78 
  89 -1767.88 -1871.89 -1799.78 
  90 -1804.15 -1854.68 -1767.88 
  91 -1770.48 -1799.24 -1767.88 
  92 -1745.55 -1847.26 -1767.88 
  93 -1716.13 -1838.94 -1745.55 
  94 -1714.11 -1802.30 -1716.13 
  95 -1768.49 -1830.24 -1714.11 
  96 -1678.86 -1860.35 -1714.11 
  97 -1777.23 -1835.91 -1678.86 
  98 -1664.35 -1733.62 -1678.86 
  99 -1626.21 -1726.16 -1664.35 
 100 -1667.68 -1741.90 -1626.21 
 101 -1600.82 -1721.49 -1626.21 
 102 -1595.78 -1755.42 -1600.82 
 103 -1546.90 -1754.69 -1595.78 
 104 -1581.17 -1703.99 -1546.90 
 105 -1519.87 -1673.36 -1546.90 
 106 -1527.66 -1619.85 -1519.87 
 107 -1522.50 -1544.90 -1519.87 
 108 -1509.64 -1404.71 -1519.87 
 109 -1436.71 -1490.79 -1509.64 
 110 -1408.06 -1402.05 -1436.71 
 111 -1365.51 -1273.88 -1408.06 
 112 -1340.72 -1216.31 -1365.51 
 113 -1307.30 -1101.51 -1340.72 
 114 -1326.39 -1128.15 -1307.30 
 115 -1230.01 -862.91 -1307.30 
 116 -1269.80 -876.35 -1230.01 
 117 -1136.73 -838.37 -1230.01 
 118 -1159.91 -860.31 -1136.73 
 119 -1184.59 -724.72 -1136.73 
 120 -1220.84 -893.45 -1136.73 
 121 -1131.04 -955.53 -1136.73 
 122 -1079.25 -833.28 -1131.04 
 123 -995.69 -900.38 -1079.25 
 124 -1079.72 -742.29 -995.69 
 125 -1084.32 -777.24 -995.69 
 126 -1049.21 -640.94 -995.69 
 127 -828.45 -605.79 -995.69 
 128 -865.04 -637.68 -828.45 
 129 -864.62 -584.26 -828.45 
 130 -874.11 -564.78 -828.45 
 131 -842.90 -628.86 -828.45 
 132 -802.50 -546.58 -828.45 
 133 -726.87 -581.12 -802.50 
 134 -775.50 -546.72 -726.87 
 135 -810.58 -641.14 -726.87 
 136 -777.14 -501.07 -726.87 
 137 -703.51 -352.38 -726.87 
 138 -692.46 -502.36 -703.51 
 139 -623.97 -770.37 -692.46 
 140 -681.98 -644.65 -623.97 
 141 -621.72 -661.22 -623.97 
 142 -724.99 -706.92 -621.72 
 143 -769.61 -836.67 -621.72 
 144 -635.22 -736.40 -621.72 
 145 -582.73 -806.93 -621.72 
 146 -499.24 -739.72 -582.73 
 147 -529.67 -838.79 -499.24 
 148 -677.93 -654.65 -499.24 
 149 -604.53 -683.07 -499.24 
 150 -577.73 -494.53 -499.24 
 151 -561.82 -366.74 -499.24 
 152 -350.66 -263.73 -499.24 
 153 -522.08 -308.39 -350.66 
 154 -337.64 -168.21 -350.66 
 155 -460.82 -311.23 -337.64 
 156 -491.42 -567.74 -337.64 
 157 -368.20 -627.52 -337.64 
 158 -375.19 -275.81 -337.64 
 159 -335.53 -27.87 -337.64 
 160 -401.49 -161.57 -335.53 
 161 -349.09 -132.00 -335.53 
 162 -289.92 -306.83 -335.53 
 163 -266.17 -253.20 -289.92 
 164 -313.80 -224.24 -266.17 
 165 -392.33 -154.56 -266.17 
 166 -274.07 -143.06 -266.17 
 167 -233.28 140.59 -266.17 
 168 -284.09 -37.79 -233.28 
 169 -191.13 -19.40 -233.28 
 170 -209.77 -195.45 -191.13 
 171 -165.56 -219.20 -191.13 
 172 -123.67 -62.38 -165.56 
 173 -213.23 -122.06 -123.67 
 174 -30.96 -161.24 -123.67 
 175 -164.07 -27.64 -30.96 
 176 -48.73 267.72 -30.96 
 177 -82.61 441.68 -30.96 
 178 -78.85 456.39 -30.96 
 179 53.44 618.30 -30.96 
 180 -193.42 583.72 53.44 
 181 73.88 392.73 53.44 
 182 119.05 424.46 73.88 
 183 -88.90 570.57 119.05 
 184 109.36 630.55 119.05 
 185 -61.57 822.52 119.05 
 186 23.23 599.70 119.05 
 187 133.33 823.88 119.05 
 188 143.45 592.11 133.33 
 189 110.83 863.05 143.45 
 190 69.34 507.36 143.45 
 191 157.56 432.32 143.45 
 192 231.88 553.53 157.56 
 193 95.08 664.78 231.88 
 194 105.71 850.94 231.88 
 195 234.73 819.71 231.88 
 196 75.42 1032.87 234.73 
 197 249.64 769.08 234.73 
 198 361.28 1035.10 249.64 
 199 302.43 728.90 361.28 
 200 369.52 858.92 361.28 
 201 350.42 483.16 369.52 
 202 359.40 699.39 369.52 
 203 470.47 467.61 369.52 
 204 419.02 869.24 470.47 
 205 519.75 987.93 470.47 
 206 389.17 854.52 519.75 
 207 629.68 643.10 519.75 
 208 516.44 808.53 629.68 
 209 595.81 1117.71 629.68 
 210 672.46 728.67 629.68 
 211 643.99 1016.83 672.46 
 212 599.15 737.91 672.46 
 213 578.99 811.31 672.46 
 214 815.78 703.36 672.46 
 215 551.34 1031.00 815.78 
 216 935.89 641.88 815.78 
 217 862.61 910.58 935.89 
 218 987.86 831.30 935.89 
 219 821.10 787.74 987.86 
 220 697.33 912.94 987.86 
 221 824.86 795.90 987.86 
 222 791.61 911.48 987.86 
 223 1007.75 778.83 987.86 
 224 919.75 813.11 1007.75 
 225 1027.61 958.44 1007.75 
 226 827.86 1211.28 1027.61 
 227 837.24 1148.17 1027.61 
 228 923.11 1093.12 1027.61 
 229 1325.60 1258.60 1027.61 
 230 1147.80 1192.08 1325.60 
 231 1027.75 1187.81 1325.60 
 232 1091.30 1236.00 1325.60 
 233 1001.63 1654.13 1325.60 
 234 1017.23 1165.33 1325.60 
 235 1076.36 1158.24 1325.60 
 236 1222.51 1225.40 1325.60 
 237 1343.22 1794.67 1325.60 
 238 1179.29 1326.97 1343.22 
 239 1077.14 1601.51 1343.22 
 240 1195.65 1373.49 1343.22 
 241 1391.75 1176.41 1343.22 
 242 1394.32 1292.39 1391.75 
 243 1206.45 1412.07 1394.32 
 244 1336.00 997.76 1394.32 
 245 1531.19 1570.13 1394.32 
 246 1327.83 1615.82 1531.19 
 247 1406.30 1324.30 1531.19 
 248 1445.15 1601.18 1531.19 
 249 1578.21 1372.95 1531.19 
 250 1411.52 1430.24 1578.21 
 251 1375.97 999.77 1578.21 
 252 1530.11 1423.52 1578.21 
 253 1455.77 1517.57 1578.21 
 254 1667.20 1225.17 1578.21 
 255 1687.90 1407.26 1667.20 
 256 1508.60 1517.52 1687.90 
 257 1610.18 1153.23 1687.90 
 258 1587.56 1368.93 1687.90 
 259 1712.23 1529.80 1687.90 
 260 1612.05 1413.79 1712.23 
 261 1498.08 1725.01 1712.23 
 262 1638.37 1636.44 1712.23 
 263 1693.20 1653.49 1712.23 
 264 1594.95 1501.11 1712.23 
 265 1636.95 1529.22 1712.23 
 266 1604.69 1664.76 1712.23 
 267 1388.60 1635.43 1712.23 
 268 1787.48 1738.29 1712.23 
 269 1752.23 1979.70 1787.48 
 270 1743.50 1867.57 1787.48 
 271 2085.48 1954.78 1787.48 
 272 1767.18 1990.22 2085.48 
 273 1829.67 1986.66 2085.48 
 274 1853.51 2117.47 2085.48 
 275 1953.64 2062.14 2085.48 
 276 1803.65 1874.86 2085.48 
 277 1919.79 1981.69 2085.48 
 278 1834.72 2212.57 2085.48 
 279 1761.89 2418.82 2085.48 
 280 1804.15 2318.75 2085.48 
 281 1776.25 2079.42 2085.48 
 282 1796.90 2234.73 2085.48 
 283 1859.06 2412.25 2085.48 
 284 1958.38 2354.93 2085.48 
 285 1981.87 2372.08 2085.48 
 286 2009.76 2468.01 2085.48 
 287 1975.56 2333.71 2085.48 
 288 1919.91 2255.23 2085.48 
 289 1790.57 2185.98 2085.48 
 290 1748.88 2215.93 2085.48 
 291 1894.91 2374.54 2085.48 
 292 1729.15 2713.11 2085.48 
 293 1887.86 2581.21 2085.48 
 294 1963.05 2273.61 2085.48 
 295 2058.15 2274.74 2085.48 
 296 1977.29 2462.52 2085.48 
 297 1732.77 2317.56 2085.48 
 298 2150.41 2666.42 2085.48 
 299 1740.72 2309.61 2150.41 
 300 2215.78 2090.90 2150.41 
 301 1954.07 2024.14 2215.78 
 302 1892.26 2282.96 2215.78 
 303 2028.26 2265.15 2215.78 
 304 2012.49 2617.42 2215.78 
 305 2063.85 2294.94 2215.78 
 306 1743.74 1919.71 2215.78 
 307 1891.69 2268.24 2215.78 
 308 2213.67 2138.91 2215.78 
 309 2062.04 2154.59 2215.78 
 310 1974.28 2185.82 2215.78 
 311 2025.94 2207.91 2215.78 
 312 2133.73 2192.12 2215.78 
 313 1926.96 2356.96 2215.78 
 314 1984.58 2433.17 2215.78 
 315 2108.61 2201.80 2215.78 
 316 2155.52 2153.39 2215.78 
 317 2149.75 1802.29 2215.78 
 318 1981.92 2240.90 2215.78 
 319 2180.86 2252.85 2215.78 
 320 2008.54 2225.94 2215.78 
 321 2357.54 2486.26 2215.78 
 322 2077.37 2163.08 2357.54 
 323 2313.07 2049.08 2357.54 
 324 2366.28 2239.18 2357.54 
 325 2170.19 2597.23 2366.28 
 326 2181.55 2625.49 2366.28 
 327 2491.18 2481.47 2366.28 
 328 2394.71 2651.10 2491.18 
 329 2486.69 2598.82 2491.18 
 330 2287.30 2750.52 2491.18 
 331 2466.43 2575.41 2491.18 
 332 2539.89 2649.30 2491.18 
 333 2567.03 2725.80 2539.89 
 334 2455.59 2605.54 2567.03 
 335 2382.30 2486.97 2567.03 
 336 2487.64 2677.14 2567.03 
 337 2601.25 2948.73 2567.03 
 338 2487.06 2961.15 2601.25 
 339 2391.21 2852.28 2601.25 
 340 2391.62 2921.78 2601.25 
 341 2583.70 2898.19 2601.25 
 342 2628.74 2700.13 2601.25 
 343 2492.00 2615.72 2628.74 
 344 2479.33 2486.94 2628.74 
 345 2627.64 2561.96 2628.74 
 346 2524.64 2669.99 2628.74 
 347 2501.77 2481.89 2628.74 
 348 2559.06 2663.99 2628.74 
 349 2627.78 3092.00 2628.74 
 350 2575.97 2819.65 2628.74 
 351 2569.98 2662.79 2628.74 
 352 2569.44 2668.81 2628.74 
 353 2572.28 2537.15 2628.74 
 354 2602.51 2708.26 2628.74 
 355 2643.30 3063.73 2628.74 
 356 2611.76 2984.09 2643.30 
 357 2648.24 2837.61 2643.30 
 358 2718.91 2742.87 2648.24 
 359 2419.35 2790.80 2718.91 
 360 2428.23 2602.83 2718.91 
 361 2469.20 2786.67 2718.91 
 362 2727.05 3025.12 2718.91 
 363 2493.40 2690.87 2727.05 
 364 2587.72 2930.23 2727.05 
 365 2616.17 2513.23 2727.05 
 366 2550.30 2604.15 2727.05 
 367 2611.81 2730.82 2727.05 
 368 2598.37 2812.12 2727.05 
 369 2584.55 2571.02 2727.05 
 370 2567.94 2788.75 2727.05 
 371 2735.23 2859.92 2727.05 
 372 2639.75 2900.63 2735.23 
 373 2450.53 2409.74 2735.23 
 374 2665.89 2857.24 2735.23 
 375 2569.38 2991.15 2735.23 
 376 2446.37 2906.09 2735.23 
 377 2661.76 2943.90 2735.23 
 378 2545.76 2834.44 2735.23 
 379 2771.88 2881.73 2735.23 
 380 2639.64 3032.33 2771.88 
 381 2744.65 2440.75 2771.88 
 382 2555.58 2371.24 2771.88 
 383 2754.46 3012.59 2771.88 
 384 2748.20 2955.68 2771.88 
 385 2805.65 2880.58 2771.88 
 386 2774.77 2693.03 2805.65 
 387 2609.29 2409.13 2805.65 
 388 2669.41 2423.94 2805.65 
 389 2560.49 2704.10 2805.65 
 390 2757.25 2910.53 2805.65 
 391 2756.01 3111.45 2805.65 
 392 2718.36 2988.27 2805.65 
 393 2850.94 2909.68 2805.65 
 394 2603.71 2629.92 2850.94 
 395 2799.55 2790.68 2850.94 
 396 2412.66 2917.52 2850.94 
 397 2612.11 2834.56 2850.94 
 398 2719.90 3045.56 2850.94 
 399 2834.03 3135.84 2850.94 
 400 2706.90 3041.38 2850.94 
 401 2811.26 2601.44 2850.94 
 402 2875.78 2698.05 2850.94 
 403 2832.78 2959.19 2875.78 
 404 2826.98 3000.34 2875.78 
 405 2809.75 2969.69 2875.78 
 406 2924.00 3086.51 2875.78 
 407 2766.25 3021.14 2924.00 
 408 3019.21 2929.82 2924.00 
 409 2983.46 2987.38 3019.21 
 410 2858.80 2958.74 3019.21 
 411 3009.59 2924.40 3019.21 
 412 3053.14 3054.22 3019.21 
 413 2946.63 3153.59 3053.14 
 414 2787.07 3200.68 3053.14 
 415 3112.73 2978.75 3053.14 
 416 2824.75 3084.93 3112.73 
 417 2773.51 3229.29 3112.73 
 418 3012.85 3086.82 3112.73 
 419 2869.64 3064.84 3112.73 
 420 2805.61 3269.34 3112.73 
 421 2637.44 2951.93 3112.73 
 422 2778.04 3352.98 3112.73 
 423 2980.22 3466.07 3112.73 
 424 3115.59 3105.77 3112.73 
 425 2774.77 3003.65 3115.59 
 426 2901.42 3069.03 3115.59 
 427 2943.54 3098.31 3115.59 
 428 2839.33 3032.58 3115.59 
 429 2956.17 3083.54 3115.59 
 430 2859.69 3202.81 3115.59 
 431 2951.59 3080.47 3115.59 
 432 2916.35 3065.28 3115.59 
 433 2691.41 2770.58 3115.59 
 434 3012.95 3159.00 3115.59 
 435 2847.57 3123.31 3115.59 
 436 2832.67 3078.80 3115.59 
 437 2971.56 3257.57 3115.59 
 438 2792.66 3374.78 3115.59 
 439 2910.93 3268.42 3115.59 
 440 2850.33 3416.43 3115.59 
 441 2777.90 3287.78 3115.59 
 442 2952.31 3127.00 3115.59 
 443 2948.15 2901.76 3115.59 
 444 2943.28 3234.55 3115.59 
 445 2888.92 3046.32 3115.59 
 446 3006.66 2948.39 3115.59 
 447 2848.47 2941.39 3115.59 
 448 3037.41 2808.33 3115.59 
 449 2958.82 3137.39 3115.59 
 450 3018.72 2940.05 3115.59 
 451 3115.09 2895.81 3115.59 
 452 2998.45 3060.53 3115.59 
 453 3023.14 3261.25 3115.59 
 454 2941.67 3068.74 3115.59 
 455 2908.78 3099.92 3115.59 
 456 3147.46 2931.63 3115.59 
 457 2897.93 2906.16 3147.46 
 458 2944.41 3173.42 3147.46 
 459 2855.99 3351.81 3147.46 
 460 3116.54 3342.21 3147.46 
 461 2853.89 3337.72 3147.46 
 462 2867.64 3213.02 3147.46 
 463 2920.90 3282.93 3147.46 
 464 2768.23 3398.16 3147.46 
 465 3003.64 3327.80 3147.46 
 466 3118.42 3360.00 3147.46 
 467 2993.32 3517.65 3147.46 
 468 2833.50 3422.91 3147.46 
 469 3079.33 3370.09 3147.46 
 470 3038.70 3452.24 3147.46 
 471 3004.83 3374.46 3147.46 
 472 3014.86 3477.05 3147.46 
 473 3145.26 3458.69 3147.46 
 474 3092.84 3571.24 3147.46 
 475 3132.38 3490.26 3147.46 
 476 3001.86 3480.22 3147.46 
 477 2954.94 3528.34 3147.46 
 478 2942.81 3526.66 3147.46 
 479 2998.25 3512.66 3147.46 
 480 3085.92 3483.41 3147.46 
 481 3111.55 3298.12 3147.46 
 482 3002.61 3504.04 3147.46 
 483 3062.07 3413.22 3147.46 
 484 2891.77 3582.94 3147.46 
 485 3135.03 3421.94 3147.46 
 486 3020.86 3385.33 3147.46 
 487 2932.00 3262.87 3147.46 
 488 3112.69 3209.03 3147.46 
 489 3303.22 3238.09 3147.46 
 490 2983.40 3194.25 3303.22 
 491 3140.35 3201.61 3303.22 
 492 2980.03 3112.01 3303.22 
 493 3216.95 3264.81 3303.22 
 494 3008.53 3466.35 3303.22 
 495 3147.69 3341.64 3303.22 
 496 3047.36 3445.73 3303.22 
 497 3125.97 3573.82 3303.22 
 498 3200.75 3560.22 3303.22 
 499 3367.54 3634.90 3303.22 
 500 3094.51 3346.01 3367.54 
 501 3089.02 3582.59 3367.54 
 502 3200.40 3412.47 3367.54 
 503 3216.03 3334.78 3367.54 
 504 3182.10 3506.81 3367.54 
 505 3176.60 3249.32 3367.54 
 506 3069.76 3445.85 3367.54 
 507 2933.58 3550.80 3367.54 
 508 3117.99 3558.32 3367.54 
 509 2986.84 3509.59 3367.54 
 510 3127.88 3528.17 3367.54 
 511 3122.51 3528.18 3367.54 
 512 3047.10 3563.17 3367.54 
 513 3168.73 3646.82 3367.54 
 514 3114.08 3576.21 3367.54 
 515 3106.01 3715.80 3367.54 
 516 2964.02 3612.59 3367.54 
 517 3127.73 3492.38 3367.54 
 518 3230.01 3647.58 3367.54 
 519 3223.41 3593.64 3367.54 
 520 3332.67 3426.95 3367.54 
 521 3385.43 3674.70 3367.54 
 522 3323.52 3639.57 3385.43 
 523 3172.26 3668.28 3385.43 
 524 3143.24 3601.25 3385.43 
 525 3078.61 3583.80 3385.43 
 526 3100.32 3581.14 3385.43 
 527 3144.90 3614.59 3385.43 
 528 3329.84 3566.68 3385.43 
 529 3264.22 3419.77 3385.43 
 530 2996.99 3436.20 3385.43 
 531 3013.15 3514.85 3385.43 
 532 3358.58 3591.31 3385.43 
 533 3095.43 3343.80 3385.43 
 534 3075.59 3302.13 3385.43 
 535 3302.11 3396.46 3385.43 
 536 3411.96 3410.43 3385.43 
 537 3268.90 3355.38 3411.96 
 538 3357.03 3136.67 3411.96 
 539 3269.34 3318.68 3411.96 
 540 3316.06 3652.37 3411.96 
 541 3246.34 3709.12 3411.96 
 542 3276.87 3396.51 3411.96 
 543 3405.35 3516.89 3411.96 
 544 3293.90 3546.01 3411.96 
 545 3424.58 3664.44 3411.96 
 546 3360.59 3518.00 3424.58 
 547 3290.07 3736.04 3424.58 
 548 3367.64 3686.60 3424.58 
 549 3429.31 3490.31 3424.58 
 550 3239.44 3501.60 3429.31 
 551 3274.01 3569.05 3429.31 
 552 3243.75 3651.00 3429.31 
 553 3310.26 3425.76 3429.31 
 554 3342.84 3510.23 3429.31 
 555 3208.91 3589.14 3429.31 
 556 3288.64 3599.42 3429.31 
 557 3396.21 3430.25 3429.31 
 558 3222.28 3704.67 3429.31 
 559 3305.04 3871.77 3429.31 
 560 3294.18 3851.03 3429.31 
 561 3383.66 3856.20 3429.31 
 562 3360.35 3823.93 3429.31 
 563 3357.12 3795.71 3429.31 
 564 3393.50 3750.62 3429.31 
 565 3484.37 3735.16 3429.31 
 566 3417.02 3542.72 3484.37 
 567 3454.45 3899.98 3484.37 
 568 3363.74 3851.62 3484.37 
 569 3574.00 3907.50 3484.37 
 570 3375.76 3856.93 3574.00 
 571 3528.43 3796.56 3574.00 
 572 3330.21 3808.92 3574.00 
 573 3390.90 3755.49 3574.00 
 574 3444.01 3748.05 3574.00 
 575 3430.76 3757.86 3574.00 
 576 3359.89 3761.36 3574.00 
 577 3508.53 3723.37 3574.00 
 578 3337.68 3837.40 3574.00 
 579 3515.29 3662.08 3574.00 
 580 3388.33 3607.60 3574.00 
 581 3398.19 3611.20 3574.00 
 582 3292.09 3751.39 3574.00 
 583 3379.76 3902.22 3574.00 
 584 3293.27 3930.06 3574.00 
 585 3359.72 3895.24 3574.00 
 586 3413.78 3857.00 3574.00 
 587 3215.87 3869.85 3574.00 
 588 3432.62 3838.03 3574.00 
 589 3245.83 3857.69 3574.00 
 590 3347.03 3870.13 3574.00 
 591 3268.10 3866.20 3574.00 
 592 3250.73 3830.56 3574.00 
 593 3106.64 3852.38 3574.00 
 594 3169.23 3772.98 3574.00 
 595 3412.46 3868.85 3574.00 
 596 3424.32 3894.07 3574.00 
 597 3373.28 3838.34 3574.00 
 598 3325.43 3797.69 3574.00 
 599 3403.05 3861.77 3574.00 
 600 3427.11 3708.81 3574.00 
 601 3297.33 3849.43 3574.00 
 602 3491.00 3753.95 3574.00 
 603 3406.70 3651.32 3574.00 
 604 3367.84 3820.78 3574.00 
 605 3345.34 3858.36 3574.00 
 606 3328.63 3939.65 3574.00 
 607 3519.59 3836.23 3574.00 
 608 3378.70 3855.12 3574.00 
 609 3549.42 3856.24 3574.00 
 610 3232.03 3770.96 3574.00 
 611 3325.33 3820.02 3574.00 
 612 3185.59 3837.13 3574.00 
 613 3294.60 3852.18 3574.00 
 614 3496.85 3717.97 3574.00 
 615 3467.06 3933.41 3574.00 
 616 3527.69 3943.82 3574.00 
 617 3448.80 3938.59 3574.00 
 618 3480.82 3889.48 3574.00 
 619 3513.82 3897.20 3574.00 
 620 3431.21 3692.96 3574.00 
 621 3482.44 3552.56 3574.00 
 622 3563.48 3705.99 3574.00 
 623 3537.80 3801.98 3574.00 
 624 3468.24 3954.22 3574.00 
 625 3505.09 3828.76 3574.00 
 626 3372.73 3841.89 3574.00 
 627 3518.40 4000.68 3574.00 
 628 3442.43 3849.70 3574.00 
 629 3381.75 3879.99 3574.00 
 630 3353.70 3793.83 3574.00 
 631 3332.28 3687.90 3574.00 
 632 3605.62 3912.12 3574.00 
 633 3613.43 3911.92 3605.62 
 634 3615.46 3905.45 3613.43 
 635 3616.26 3841.05 3615.46 
 636 3428.94 3478.08 3616.26 
 637 3312.68 3544.38 3616.26 
 638 3445.35 3699.31 3616.26 
 639 3464.21 3762.34 3616.26 
 640 3291.13 3985.29 3616.26 
 641 3268.13 3769.20 3616.26 
 642 3551.77 4031.48 3616.26 
 643 3594.09 3881.85 3616.26 
 644 3454.49 3848.08 3616.26 
 645 3424.11 3892.04 3616.26 
 646 3594.71 3771.53 3616.26 
 647 3424.12 3782.20 3616.26 
 648 3425.49 3864.54 3616.26 
 649 3442.49 3913.13 3616.26 
 650 3395.90 3987.09 3616.26 
 651 3499.96 3986.36 3616.26 
 652 3443.55 3943.63 3616.26 
 653 3231.75 3945.24 3616.26 
 654 3524.76 3963.13 3616.26 
 655 3426.08 3920.71 3616.26 
 656 3244.97 3872.04 3616.26 
 657 3496.63 4012.97 3616.26 
 658 3454.51 3893.27 3616.26 
 659 3494.33 3808.50 3616.26 
 660 3378.67 3702.00 3616.26 
 661 3430.04 3814.92 3616.26 
 662 3457.01 3697.33 3616.26 
 663 3596.61 3878.42 3616.26 
 664 3452.86 3760.82 3616.26 
 665 3455.25 3908.92 3616.26 
 666 3487.92 3795.82 3616.26 
 667 3406.96 3624.59 3616.26 
 668 3531.81 3560.08 3616.26 
 669 3342.86 3799.16 3616.26 
 670 3475.87 3717.31 3616.26 
 671 3507.30 3663.16 3616.26 
 672 3551.55 3805.20 3616.26 
 673 3492.96 3838.98 3616.26 
 674 3561.46 3960.07 3616.26 
 675 3591.39 4013.35 3616.26 
 676 3459.55 3995.85 3616.26 
 677 3517.11 3881.56 3616.26 
 678 3629.17 3863.59 3616.26 
 679 3618.56 3622.31 3629.17 
 680 3416.00 3991.39 3629.17 
 681 3604.28 3838.17 3629.17 
 682 3537.77 3833.11 3629.17 
 683 3626.47 3788.49 3629.17 
 684 3416.00 3811.57 3629.17 
 685 3543.22 4024.05 3629.17 
 686 3507.35 4004.23 3629.17 
 687 3553.33 4008.74 3629.17 
 688 3540.27 4019.82 3629.17 
 689 3336.05 3983.29 3629.17 
 690 3336.84 3977.79 3629.17 
 691 3432.31 3955.18 3629.17 
 692 3369.03 4034.91 3629.17 
 693 3385.58 4052.96 3629.17 
 694 3502.27 3944.74 3629.17 
 695 3382.69 3959.88 3629.17 
 696 3440.91 3952.13 3629.17 
 697 3562.64 3828.24 3629.17 
 698 3535.56 3772.01 3629.17 
 699 3468.81 3924.27 3629.17 
 700 3568.85 3890.65 3629.17 
 701 3438.55 4003.92 3629.17 
 702 3408.66 4051.51 3629.17 
 703 3274.85 4074.01 3629.17 
 704 3335.44 4137.59 3629.17 
 705 3502.45 4038.24 3629.17 
 706 3424.10 3924.65 3629.17 
 707 3492.57 3975.51 3629.17 
 708 3404.96 4084.37 3629.17 
 709 3534.14 4142.39 3629.17 
 710 3313.10 3992.50 3629.17 
 711 3466.50 4020.84 3629.17 
 712 3411.10 3845.54 3629.17 
 713 3482.00 4045.78 3629.17 
 714 3183.75 3966.11 3629.17 
 715 3263.98 3991.07 3629.17 
 716 3602.95 3973.63 3629.17 
 717 3434.65 3816.86 3629.17 
 718 3323.47 3958.59 3629.17 
 719 3432.61 3933.97 3629.17 
 720 3406.43 3817.30 3629.17 
 721 3376.13 3857.28 3629.17 
 722 3538.18 3901.10 3629.17 
 723 3485.99 3809.99 3629.17 
 724 3665.46 3772.28 3629.17 
 725 3547.15 3900.53 3665.46 
 726 3377.63 3902.31 3665.46 
 727 3397.93 3857.59 3665.46 
 728 3391.40 3836.35 3665.46 
 729 3438.57 3886.40 3665.46 
 730 3427.32 3978.86 3665.46 
 731 3247.81 3944.67 3665.46 
 732 3295.57 3878.96 3665.46 
 733 3501.59 3857.30 3665.46 
 734 3379.30 3956.01 3665.46 
 735 3334.59 4027.71 3665.46 
 736 3295.95 3937.33 3665.46 
 737 3539.83 3802.92 3665.46 
 738 3662.59 3891.09 3665.46 
 739 3443.83 3980.30 3665.46 
 740 3575.57 3946.80 3665.46 
 741 3483.89 4060.83 3665.46 
 742 3440.62 3911.85 3665.46 
 743 3661.13 3969.50 3665.46 
 744 3471.67 4006.16 3665.46 
 745 3424.72 3882.70 3665.46 
 746 3465.49 3843.59 3665.46 
 747 3412.55 4031.23 3665.46 
 748 3520.97 3997.19 3665.46 
 749 3396.78 3802.07 3665.46 
 750 3409.87 4118.04 3665.46 
 751 3590.61 4070.64 3665.46 
 752 3371.96 4129.04 3665.46 
 753 3546.73 4040.22 3665.46 
 754 3308.87 4117.81 3665.46 
 755 3420.17 4059.52 3665.46 
 756 3543.85 3920.05 3665.46 
 757 3411.51 3871.91 3665.46 
 758 3207.59 3966.35 3665.46 
 759 3504.58 3903.49 3665.46 
 760 3268.61 3921.03 3665.46 
 761 3305.58 3879.06 3665.46 
 762 3393.08 3841.91 3665.46 
 763 3390.91 3991.83 3665.46 
 764 3433.94 3870.16 3665.46 
 765 3461.39 3906.18 3665.46 
 766 3571.84 4000.73 3665.46 
 767 3537.86 3933.89 3665.46 
 768 3313.22 3918.05 3665.46 
 769 3518.04 3913.65 3665.46 
 770 3601.78 4064.06 3665.46 
 771 3365.80 4088.77 3665.46 
 772 3453.16 4047.34 3665.46 
 773 3411.81 4091.57 3665.46 
 774 3322.14 4082.63 3665.46 
 775 3434.23 4014.73 3665.46 
 776 3467.09 4060.84 3665.46 
 777 3359.56 4153.36 3665.46 
 778 3302.11 4151.22 3665.46 
 779 3474.90 4069.62 3665.46 
 780 3707.25 4042.66 3665.46 
 781 3414.76 3982.90 3707.25 
 782 3593.35 3919.96 3707.25 
 783 3369.13 3877.27 3707.25 
 784 3329.82 4116.11 3707.25 
 785 3271.45 4144.96 3707.25 
 786 3282.15 4201.54 3707.25 
 787 3227.17 4199.88 3707.25 
 788 3442.16 4059.56 3707.25 
 789 3620.55 4096.95 3707.25 
 790 3537.64 4130.26 3707.25 
 791 3458.99 4092.31 3707.25 
 792 3400.23 4114.91 3707.25 
 793 3643.06 4132.76 3707.25 
 794 3325.25 4189.30 3707.25 
 795 3303.48 4188.97 3707.25 
 796 3628.39 4282.21 3707.25 
 797 3345.46 4190.19 3707.25 
 798 3517.82 4206.41 3707.25 
 799 3335.57 4080.24 3707.25 
