Iter | Sampling Pol | Evaluation Pol | Best (Sampled) 
   0 -2.16 -4.51 -100000000.00 
   1 -1.40 -4.34 -2.16 
   2 -1.33 -4.06 -1.40 
   3  1.23 -4.10 -1.33 
   4  4.19 -4.07  1.23 
   5  6.23 -4.08  4.19 
   6 -3.17 -3.70  6.23 
   7  0.36 -3.98  6.23 
   8 -0.87 -3.55  6.23 
   9 -3.35 -2.35  6.23 
  10 -0.94 -2.88  6.23 
  11 -1.35 -1.88  6.23 
  12 -0.66 -2.50  6.23 
  13  1.37 -2.17  6.23 
  14  2.53 -3.15  6.23 
  15  5.36 -2.73  6.23 
  16  6.74 -3.09  6.23 
  17 10.82 -2.43  6.74 
  18  4.00 -2.65 10.82 
  19  3.64 -2.89 10.82 
  20  6.61 -2.65 10.82 
  21  3.79 -1.98 10.82 
  22 11.73 -1.49 10.82 
  23 10.83  3.13 11.73 
  24  9.56 -1.51 11.73 
  25 14.98 -0.34 11.73 
  26  9.12 -0.19 14.98 
  27  6.86 -0.28 14.98 
  28 27.69  0.21 14.98 
  29 13.94  1.67 27.69 
  30 19.47  1.64 27.69 
  31 17.46  4.34 27.69 
  32 21.00 12.97 27.69 
  33 27.56  9.31 27.69 
  34 17.90 11.85 27.69 
  35 33.35 106.04 27.69 
  36 46.62 49.98 33.35 
  37 37.23 59.96 46.62 
  38 33.46 120.13 46.62 
  39 39.34 91.01 46.62 
  40 33.48 33.15 46.62 
  41 34.83 37.53 46.62 
  42 28.88 53.66 46.62 
  43 40.23 25.72 46.62 
  44 55.49 57.21 46.62 
  45 26.40 53.66 55.49 
  46 44.78 24.85 55.49 
  47 46.11 28.66 55.49 
  48 36.81 36.25 55.49 
  49 57.81 33.80 55.49 
  50 45.61 34.25 57.81 
  51 66.74 89.49 57.81 
  52 77.40 109.59 66.74 
  53 52.95 94.79 77.40 
  54 47.45 64.60 77.40 
  55 83.23 150.42 77.40 
  56 84.55 69.74 83.23 
  57 66.35 108.27 84.55 
  58 97.39 56.59 84.55 
  59 113.25 119.16 97.39 
  60 99.78 117.64 113.25 
  61 121.10 232.93 113.25 
  62 127.00 183.82 121.10 
  63 123.87 182.38 127.00 
  64 122.53 162.32 127.00 
  65 124.10 187.34 127.00 
  66 156.56 200.76 127.00 
  67 153.11 189.71 156.56 
  68 163.66 432.49 156.56 
  69 179.47 550.61 163.66 
  70 138.63 467.96 179.47 
  71 188.16 613.49 179.47 
  72 243.06 607.56 188.16 
  73 174.51 710.45 243.06 
  74 227.29 585.08 243.06 
  75 247.25 461.39 243.06 
  76 214.14 531.36 247.25 
  77 298.99 627.22 247.25 
  78 264.27 770.83 298.99 
  79 300.72 751.96 298.99 
  80 280.76 805.82 300.72 
  81 273.34 768.68 300.72 
  82 353.96 758.32 300.72 
  83 393.47 924.32 353.96 
  84 364.23 790.73 393.47 
  85 410.83 958.77 393.47 
  86 430.17 920.13 410.83 
  87 559.30 915.72 430.17 
  88 444.58 1096.12 559.30 
  89 647.38 1327.55 559.30 
  90 575.40 1137.73 647.38 
  91 674.59 891.91 647.38 
  92 624.41 862.86 674.59 
  93 679.91 1131.10 674.59 
  94 721.60 1156.26 679.91 
  95 855.83 1072.70 721.60 
  96 961.55 1236.36 855.83 
  97 900.59 1173.29 961.55 
  98 1138.84 1305.87 961.55 
  99 1038.08 1062.20 1138.84 
 100 1052.29 1305.57 1138.84 
 101 1230.85 1238.42 1138.84 
 102 1247.52 1461.49 1230.85 
 103 1261.22 1737.48 1247.52 
 104 1169.14 1626.20 1261.22 
 105 1465.13 1355.90 1261.22 
 106 1351.73 1302.69 1465.13 
 107 1395.89 1482.44 1465.13 
 108 1477.11 1516.87 1465.13 
 109 1617.76 1498.37 1477.11 
 110 1817.42 1264.02 1617.76 
 111 1654.92 1302.81 1817.42 
 112 1573.62 1480.93 1817.42 
 113 1767.43 1427.82 1817.42 
 114 1847.26 1255.86 1817.42 
 115 2020.14 1471.02 1847.26 
 116 1956.15 1375.26 2020.14 
 117 1943.84 1495.35 2020.14 
 118 1929.77 1588.17 2020.14 
 119 2114.60 1889.86 2020.14 
 120 2153.14 1778.87 2114.60 
 121 2293.86 1967.81 2153.14 
 122 2315.34 1927.98 2293.86 
 123 2378.98 1872.56 2315.34 
 124 2303.82 1889.39 2378.98 
 125 2360.77 1703.33 2378.98 
 126 2593.81 1539.41 2378.98 
 127 2346.51 1782.14 2593.81 
 128 2437.08 1800.60 2593.81 
 129 2543.70 1603.90 2593.81 
 130 2616.39 1600.44 2593.81 
 131 2574.10 1826.97 2616.39 
 132 2733.98 1796.02 2616.39 
 133 2765.69 1976.30 2733.98 
 134 2804.29 1869.07 2765.69 
 135 2778.80 2188.62 2804.29 
 136 2868.72 2373.75 2804.29 
 137 2878.83 2271.77 2868.72 
 138 3044.08 2559.17 2878.83 
 139 3154.68 2217.89 3044.08 
 140 2921.33 2525.18 3154.68 
 141 3069.27 2858.68 3154.68 
 142 3029.96 2793.06 3154.68 
 143 2974.65 2902.27 3154.68 
 144 3116.23 2907.53 3154.68 
 145 3119.95 2857.24 3154.68 
 146 3141.15 3157.47 3154.68 
 147 3158.53 3296.54 3154.68 
 148 3172.34 3386.69 3158.53 
 149 3170.89 3162.68 3172.34 
 150 3198.64 3223.43 3172.34 
 151 3153.23 3367.36 3198.64 
 152 3152.10 3213.14 3198.64 
 153 3329.80 3175.42 3198.64 
 154 3397.35 3298.51 3329.80 
 155 3347.92 3367.43 3397.35 
 156 3289.03 3452.79 3397.35 
 157 3417.66 3474.38 3397.35 
 158 3465.22 3271.40 3417.66 
 159 3389.77 3511.00 3465.22 
 160 3421.78 3450.49 3465.22 
 161 3390.75 3386.69 3465.22 
 162 3399.56 3201.38 3465.22 
 163 3555.28 3380.47 3465.22 
 164 3553.94 3183.63 3555.28 
 165 3432.17 3226.14 3555.28 
 166 3626.63 3336.95 3555.28 
 167 3590.61 3692.35 3626.63 
 168 3545.81 3243.58 3626.63 
 169 3558.19 3302.90 3626.63 
 170 3492.69 3472.60 3626.63 
 171 3486.54 3322.90 3626.63 
 172 3693.20 3322.45 3626.63 
 173 3615.78 2944.18 3693.20 
 174 3554.52 2886.73 3693.20 
 175 3556.36 3215.69 3693.20 
 176 3555.25 3361.15 3693.20 
 177 3649.98 3246.37 3693.20 
 178 3646.92 3172.80 3693.20 
 179 3725.18 3217.23 3693.20 
 180 3648.80 3103.90 3725.18 
 181 3731.09 3044.30 3725.18 
 182 3828.71 2911.97 3731.09 
 183 3654.30 3144.42 3828.71 
 184 3774.26 3355.97 3828.71 
 185 3595.43 3483.71 3828.71 
 186 3714.87 3305.05 3828.71 
 187 3825.19 3445.58 3828.71 
 188 3761.94 3487.24 3828.71 
 189 3721.74 3513.04 3828.71 
 190 3697.91 3535.60 3828.71 
 191 3789.41 3582.92 3828.71 
 192 3794.68 3734.63 3828.71 
 193 3847.31 3756.49 3828.71 
 194 3884.66 3593.94 3847.31 
 195 3819.17 3570.40 3884.66 
 196 3764.06 3592.21 3884.66 
 197 3817.06 3538.65 3884.66 
 198 3844.21 3887.59 3884.66 
 199 3927.01 3545.82 3884.66 
 200 3865.30 3627.15 3927.01 
