Iter | Sampling Pol | Evaluation Pol | Best (Sampled) 
   0 -2.16 -4.16 -100000000.00 
   1 -0.67 -3.81 -2.16 
   2 -2.14 -3.56 -0.67 
   3  1.47 -2.31 -0.67 
   4 -1.02 -0.75  1.47 
   5 -1.98  1.77  1.47 
   6 -2.93 -3.02  1.47 
   7 -3.60 -1.29  1.47 
   8 -1.53 -1.73  1.47 
   9  0.49 -0.05  1.47 
  10  1.19 -0.55  1.47 
  11 -1.92 -3.33  1.47 
  12  0.88 -1.45  1.47 
  13 -1.35 -1.13  1.47 
  14 -0.62 -1.64  1.47 
  15 -0.57  0.78  1.47 
  16 -0.74 -1.44  1.47 
  17 -1.71  1.04  1.47 
  18 -2.39 -0.62  1.47 
  19 -2.31 -3.23  1.47 
  20 -0.12 -1.48  1.47 
  21 -1.60 -0.61  1.47 
  22 -1.99  0.09  1.47 
  23 -1.87  0.49  1.47 
  24 -3.10  2.27  1.47 
  25 -2.35 -0.76  1.47 
  26 -0.10 -0.07  1.47 
  27 -0.72 -0.35  1.47 
  28 -2.08 -0.12  1.47 
  29 -2.04  0.12  1.47 
  30 -2.16  0.24  1.47 
  31 -2.57  0.24  1.47 
  32 -2.61  0.23  1.47 
  33 -3.07  0.92  1.47 
  34 -2.34 -2.70  1.47 
  35 -1.53 -1.77  1.47 
  36 -2.68 -3.12  1.47 
  37 -3.05 -3.13  1.47 
  38 -2.28 -3.12  1.47 
  39 -3.41 -3.17  1.47 
  40  2.38 -3.19  1.47 
  41 -3.65 -3.16  2.38 
  42 -4.10 -3.17  2.38 
  43 -2.26 -3.17  2.38 
  44 -2.86 -3.17  2.38 
  45 -3.51 -3.18  2.38 
  46 -4.01 -3.18  2.38 
  47 -3.93 -3.25  2.38 
  48 -4.08 -3.17  2.38 
  49 -3.98 -3.13  2.38 
  50 -3.75 -3.15  2.38 
  51 -3.51 -3.19  2.38 
  52 -0.45 -3.18  2.38 
  53 -4.02 -3.16  2.38 
  54 -3.19 -3.17  2.38 
  55 -3.51 -3.04  2.38 
  56 -2.48 -3.04  2.38 
  57 -0.77 -3.04  2.38 
  58  0.05 -2.48  2.38 
  59 -1.70  1.03  2.38 
  60  2.15  0.57  2.38 
  61  0.44 -0.50  2.38 
  62  6.13  0.20  2.38 
  63  6.26  3.10  6.13 
  64 18.61  0.46  6.26 
  65  7.68 38.26 18.61 
  66 15.82 46.13 18.61 
  67 27.13 60.27 18.61 
  68 29.50  5.95 27.13 
  69 10.43 64.30 29.50 
  70 16.95 62.76 29.50 
  71 18.86 56.80 29.50 
  72 22.77 85.69 29.50 
  73 19.67 104.00 29.50 
  74 30.12 51.61 29.50 
  75 11.68 69.26 30.12 
  76 12.68 80.20 30.12 
  77 36.73 95.25 30.12 
  78 37.94 47.77 36.73 
  79 48.87 26.92 37.94 
  80 39.02 55.37 48.87 
  81 65.10 76.95 48.87 
  82 48.29 73.43 65.10 
  83 39.04 71.67 65.10 
  84 40.90 12.08 65.10 
  85 70.69 36.02 65.10 
  86 42.79 45.55 70.69 
  87 71.09 39.85 70.69 
  88 45.67 74.03 71.09 
  89 75.37 28.36 71.09 
  90 35.64 27.57 75.37 
  91 81.39 23.96 75.37 
  92 67.36 67.61 81.39 
  93 84.55 54.10 81.39 
  94 77.49 84.14 84.55 
  95 80.61 75.58 84.55 
  96 110.88 92.42 84.55 
  97 92.35 74.86 110.88 
  98 73.41 72.13 110.88 
  99 82.36 64.63 110.88 
 100 123.28 82.44 110.88 
 101 193.32 116.76 123.28 
 102 126.06 209.54 193.32 
 103 158.27 192.18 193.32 
 104 153.81 195.99 193.32 
 105 191.89 145.76 193.32 
 106 154.69 263.77 193.32 
 107 144.63 152.66 193.32 
 108 158.86 294.70 193.32 
 109 155.33 190.51 193.32 
 110 150.24 157.18 193.32 
 111 202.60 251.92 193.32 
 112 185.76 138.18 202.60 
 113 170.96 302.84 202.60 
 114 233.24 391.93 202.60 
 115 191.76 410.16 233.24 
 116 224.18 386.13 233.24 
 117 289.63 358.93 233.24 
 118 288.18 313.42 289.63 
 119 320.41 321.35 289.63 
 120 270.05 455.32 320.41 
 121 371.09 377.22 320.41 
 122 280.78 348.02 371.09 
 123 288.45 380.59 371.09 
 124 418.75 332.53 371.09 
 125 454.93 390.12 418.75 
 126 399.80 304.98 454.93 
 127 301.67 361.45 454.93 
 128 485.94 390.57 454.93 
 129 487.37 349.22 485.94 
 130 436.72 336.58 487.37 
 131 464.12 478.99 487.37 
 132 595.64 580.08 487.37 
 133 657.66 513.28 595.64 
 134 618.80 703.96 657.66 
 135 636.60 689.27 657.66 
 136 652.23 859.52 657.66 
 137 802.86 971.60 657.66 
 138 908.32 1029.77 802.86 
 139 966.78 1185.06 908.32 
 140 930.77 1329.83 966.78 
 141 1082.45 1300.81 966.78 
 142 1092.03 1633.33 1082.45 
 143 992.03 1758.98 1092.03 
 144 891.06 1763.16 1092.03 
 145 1137.82 1833.15 1092.03 
 146 1292.72 1897.53 1137.82 
 147 1159.67 2189.02 1292.72 
 148 1249.41 2185.74 1292.72 
 149 1518.87 2459.34 1292.72 
 150 1508.28 2464.29 1518.87 
 151 1398.90 2645.11 1518.87 
 152 1675.28 2647.26 1518.87 
 153 1721.31 2576.00 1675.28 
 154 1654.69 2853.84 1721.31 
 155 1752.65 2812.54 1721.31 
 156 1719.91 2834.41 1752.65 
 157 1949.82 2896.63 1752.65 
 158 1977.65 2972.57 1949.82 
 159 1970.97 2923.20 1977.65 
 160 1930.40 3004.64 1977.65 
 161 1994.48 3015.83 1977.65 
 162 2046.54 3206.90 1994.48 
 163 2182.59 3192.79 2046.54 
 164 2271.08 3268.14 2182.59 
 165 2339.64 3290.63 2271.08 
 166 2430.44 3260.89 2339.64 
 167 2268.88 3251.86 2430.44 
 168 2502.64 3313.72 2430.44 
 169 2291.18 3331.33 2502.64 
 170 2577.06 3314.99 2502.64 
 171 2435.84 3331.26 2577.06 
 172 2723.94 3264.58 2577.06 
 173 2632.52 3046.46 2723.94 
 174 2728.81 3029.90 2723.94 
 175 2705.11 3027.20 2728.81 
 176 2737.19 3160.70 2728.81 
 177 2687.93 3193.73 2737.19 
 178 2618.27 3187.82 2737.19 
 179 2841.74 3229.21 2737.19 
 180 2841.37 3389.31 2841.74 
 181 3025.69 3320.56 2841.74 
 182 3144.77 3365.26 3025.69 
 183 2870.27 3552.46 3144.77 
 184 3030.44 3538.96 3144.77 
 185 2930.07 3554.52 3144.77 
 186 3122.08 3575.20 3144.77 
 187 3216.10 3645.89 3144.77 
 188 3144.33 3673.79 3216.10 
 189 3092.76 3601.91 3216.10 
 190 3284.77 3746.66 3216.10 
 191 3142.98 3787.06 3284.77 
 192 3321.19 3722.11 3284.77 
 193 3387.21 3770.70 3321.19 
 194 3348.32 3740.19 3387.21 
 195 3322.59 3722.20 3387.21 
 196 3291.40 3838.34 3387.21 
 197 3327.89 3744.75 3387.21 
 198 3408.97 3798.18 3387.21 
 199 3397.61 3888.11 3408.97 
 200 3441.56 3893.57 3408.97 
