Iter | Sampling Pol | Evaluation Pol | Best (Sampled) 
   0 -2.16 -4.53 -100000000.00 
   1 -2.24 -4.23 -2.16 
   2 -2.01 -3.20 -2.16 
   3  1.79 -3.70 -2.01 
   4  1.94 -3.40  1.79 
   5  2.19 -3.55  1.94 
   6 -1.12  2.47  2.19 
   7  2.54 11.27  2.19 
   8  4.38  0.79  2.54 
   9  0.37 11.52  4.38 
  10  2.49  3.69  4.38 
  11  0.90 15.46  4.38 
  12  5.90 13.53  4.38 
  13  0.11  0.42  5.90 
  14  9.22 13.57  5.90 
  15  6.58 17.34  9.22 
  16  5.75 51.96  9.22 
  17  0.98 -0.72  9.22 
  18  6.23  0.41  9.22 
  19  5.86  0.54  9.22 
  20  7.13  4.78  9.22 
  21  8.94  6.98  9.22 
  22 17.76 10.22  9.22 
  23 16.30  7.55 17.76 
  24  7.02 15.31 17.76 
  25 17.30 40.96 17.76 
  26 14.04 29.98 17.76 
  27 27.76 40.42 17.76 
  28 12.21 39.92 27.76 
  29 19.15 15.75 27.76 
  30 24.66 14.20 27.76 
  31 34.77 13.01 27.76 
  32 35.80 20.03 34.77 
  33 31.75 25.81 35.80 
  34 53.00 88.94 35.80 
  35 58.39 58.79 53.00 
  36 51.37 72.46 58.39 
  37 57.84 34.19 58.39 
  38 49.19 62.53 58.39 
  39 76.12 71.57 58.39 
  40 89.25 92.28 76.12 
  41 77.44 72.51 89.25 
  42 94.13 59.94 89.25 
  43 118.13 271.64 94.13 
  44 153.60 194.30 118.13 
  45 173.38 266.44 153.60 
  46 208.24 200.86 173.38 
  47 223.86 259.35 208.24 
  48 225.82 365.68 223.86 
  49 291.61 342.42 225.82 
  50 278.05 707.59 291.61 
  51 337.28 786.37 291.61 
  52 338.51 633.82 337.28 
  53 384.38 787.20 338.51 
  54 394.09 923.53 384.38 
  55 565.28 863.04 394.09 
  56 608.26 1072.75 565.28 
  57 703.06 1361.30 608.26 
  58 826.06 1552.35 703.06 
  59 945.80 1392.62 826.06 
  60 855.28 1495.40 945.80 
  61 997.30 1644.05 945.80 
  62 992.98 1546.25 997.30 
  63 1106.12 1591.94 997.30 
  64 1077.51 1696.56 1106.12 
  65 1332.01 1537.08 1106.12 
  66 1314.84 1902.64 1332.01 
  67 1389.07 2025.23 1332.01 
  68 1483.78 2121.59 1389.07 
  69 1527.69 2190.03 1483.78 
  70 1565.25 1966.47 1527.69 
  71 1696.45 2491.06 1565.25 
  72 1791.60 2437.48 1696.45 
  73 1947.71 2258.83 1791.60 
  74 2141.91 2375.52 1947.71 
  75 1908.93 2480.66 2141.91 
  76 2158.60 2426.33 2141.91 
  77 2156.17 2650.50 2158.60 
  78 2311.31 2841.08 2158.60 
  79 2098.92 2830.64 2311.31 
  80 2471.90 2812.30 2311.31 
  81 2364.95 2713.70 2471.90 
  82 2283.14 3179.89 2471.90 
  83 2521.25 3076.86 2471.90 
  84 2475.52 3089.00 2521.25 
  85 2415.10 2843.02 2521.25 
  86 2467.27 2561.13 2521.25 
  87 2634.65 2912.50 2521.25 
  88 2788.05 3062.19 2634.65 
  89 2751.86 2953.21 2788.05 
  90 2781.79 3147.19 2788.05 
  91 2852.33 2526.68 2788.05 
  92 2980.62 3027.25 2852.33 
  93 2975.22 2899.69 2980.62 
  94 3029.18 3008.75 2980.62 
  95 3171.47 3342.12 3029.18 
  96 3359.17 3431.40 3171.47 
  97 3063.58 3257.50 3359.17 
  98 3357.31 3325.39 3359.17 
  99 3187.14 3347.72 3359.17 
 100 3178.57 3361.07 3359.17 
 101 3331.38 3422.99 3359.17 
 102 3198.75 3423.42 3359.17 
 103 3278.50 3449.29 3359.17 
 104 3239.24 3317.70 3359.17 
 105 3369.94 3622.84 3359.17 
 106 3320.15 3473.37 3369.94 
 107 3401.78 3603.52 3369.94 
 108 3284.67 3583.20 3401.78 
 109 3426.64 3520.47 3401.78 
 110 3431.98 3466.22 3426.64 
 111 3538.84 3549.13 3431.98 
 112 3461.46 3407.74 3538.84 
 113 3477.55 3409.75 3538.84 
 114 3422.60 3296.19 3538.84 
 115 3505.79 3575.48 3538.84 
 116 3430.36 3719.76 3538.84 
 117 3557.72 3809.90 3538.84 
 118 3616.37 3589.11 3557.72 
 119 3602.59 3548.44 3616.37 
 120 3638.82 3623.73 3616.37 
 121 3666.27 3793.27 3638.82 
 122 3485.09 3865.24 3666.27 
 123 3511.29 3797.09 3666.27 
 124 3673.18 3896.61 3666.27 
 125 3689.57 3817.16 3673.18 
 126 3837.30 3804.87 3689.57 
 127 3476.30 3889.16 3837.30 
 128 3675.54 3786.07 3837.30 
 129 3719.48 3892.63 3837.30 
 130 3799.89 4045.20 3837.30 
 131 3690.80 4109.16 3837.30 
 132 3784.26 3938.58 3837.30 
 133 3860.42 3842.46 3837.30 
 134 3856.78 3875.56 3860.42 
 135 3937.21 3865.57 3860.42 
 136 3839.91 3887.04 3937.21 
 137 3926.40 4174.88 3937.21 
 138 4055.10 3783.55 3937.21 
 139 4022.92 3972.27 4055.10 
 140 3854.77 3897.17 4055.10 
 141 3931.26 3896.64 4055.10 
 142 3904.52 4018.20 4055.10 
 143 3866.52 4057.41 4055.10 
 144 3920.17 3965.64 4055.10 
 145 3945.22 3952.59 4055.10 
 146 3963.80 4015.62 4055.10 
 147 4004.33 4022.03 4055.10 
 148 4025.77 4036.02 4055.10 
 149 4030.07 4148.24 4055.10 
 150 4028.63 4178.12 4055.10 
 151 3957.78 4300.72 4055.10 
 152 4029.07 3998.51 4055.10 
 153 3955.10 3997.14 4055.10 
 154 4021.10 4085.49 4055.10 
 155 4074.36 4116.35 4055.10 
 156 4058.95 4136.38 4074.36 
 157 4081.48 4146.82 4074.36 
 158 4110.86 4243.59 4081.48 
 159 4074.82 4267.70 4110.86 
 160 3984.32 4254.71 4110.86 
 161 4030.04 4272.02 4110.86 
 162 4077.11 4262.84 4110.86 
 163 3984.27 4245.71 4110.86 
 164 4189.03 4204.47 4110.86 
 165 4192.98 4297.26 4189.03 
 166 4120.91 4240.74 4192.98 
 167 4100.95 4261.62 4192.98 
 168 4193.67 4316.53 4192.98 
 169 4144.86 4361.58 4193.67 
 170 4201.44 4379.36 4193.67 
 171 4122.80 4405.74 4201.44 
 172 4353.44 4292.19 4201.44 
 173 4129.65 4278.96 4353.44 
 174 4303.12 4396.21 4353.44 
 175 4276.80 4362.85 4353.44 
 176 4304.65 4392.75 4353.44 
 177 4298.26 4409.60 4353.44 
 178 4087.94 4378.57 4353.44 
 179 4277.14 4267.78 4353.44 
 180 4173.75 4266.00 4353.44 
 181 4288.30 4316.23 4353.44 
 182 4399.40 4400.18 4353.44 
 183 4283.55 4437.12 4399.40 
 184 4309.66 4381.61 4399.40 
 185 4295.66 4367.38 4399.40 
 186 4304.27 4431.34 4399.40 
 187 4315.63 4429.90 4399.40 
 188 4295.48 4448.25 4399.40 
 189 4278.01 4389.08 4399.40 
 190 4313.04 4387.10 4399.40 
 191 4304.54 4371.64 4399.40 
 192 4293.36 4168.14 4399.40 
 193 4323.14 4357.66 4399.40 
 194 4335.35 4314.02 4399.40 
 195 4257.32 4341.72 4399.40 
 196 4306.02 4305.35 4399.40 
 197 4359.94 4375.77 4399.40 
 198 4348.23 4330.94 4399.40 
 199 4365.03 4276.79 4399.40 
 200 4384.54 4429.71 4399.40 
