Iter | Sampling Pol | Evaluation Pol | Best (Sampled) 
   0 -3.14 -5.72 -100000000.00 
   1 -3.07 -5.44 -3.14 
   2 -1.78 -5.20 -3.07 
   3  0.43 -5.14 -1.78 
   4 -1.09 -4.94  0.43 
   5 -2.77 -4.73  0.43 
   6 -3.01 -3.67  0.43 
   7  0.60 -2.37  0.43 
   8  0.97 -3.54  0.60 
   9 -0.86 -4.12  0.97 
  10  2.77 -3.93  0.97 
  11 -1.49  1.64  2.77 
  12  1.94 13.31  2.77 
  13  3.98  3.12  2.77 
  14  0.50 16.51  3.98 
  15  3.38 13.23  3.98 
  16  7.41 29.93  3.98 
  17  8.14  7.74  7.41 
  18 11.08 11.92  8.14 
  19  0.00 10.38 11.08 
  20  2.14 10.01 11.08 
  21  6.42 24.16 11.08 
  22  6.89 22.63 11.08 
  23  6.93 39.92 11.08 
  24  6.91 33.39 11.08 
  25 14.80 36.07 11.08 
  26  5.49 38.10 14.80 
  27 14.79 54.26 14.80 
  28  6.48 34.15 14.80 
  29 10.71 41.17 14.80 
  30 18.07 115.73 14.80 
  31  6.47 73.91 18.07 
  32  8.40 130.27 18.07 
  33 13.16 159.23 18.07 
  34 10.27 163.70 18.07 
  35 14.12 169.42 18.07 
  36  9.48 141.70 18.07 
  37 27.12 151.75 18.07 
  38 21.79 161.62 27.12 
  39 25.11 57.12 27.12 
  40 25.69 121.78 27.12 
  41 29.35 57.42 27.12 
  42 12.83 60.99 29.35 
  43 17.35 60.61 29.35 
  44 47.47 74.41 29.35 
  45 25.39 98.64 47.47 
  46 33.21 158.19 47.47 
  47 35.90 124.29 47.47 
  48 40.33 171.74 47.47 
  49 28.81 140.15 47.47 
  50 45.06 213.94 47.47 
  51 38.39 33.75 47.47 
  52 39.21 130.75 47.47 
  53 35.45 128.70 47.47 
  54 39.32 142.95 47.47 
  55 37.01 145.09 47.47 
  56 69.01 174.06 47.47 
  57 28.67 152.59 69.01 
  58 58.11 40.41 69.01 
  59 53.08 187.40 69.01 
  60 57.20 148.25 69.01 
  61 55.65 156.61 69.01 
  62 70.93 174.95 69.01 
  63 82.49 193.93 70.93 
  64 64.35 276.96 82.49 
  65 97.89 289.28 82.49 
  66 94.15 222.88 97.89 
  67 82.85 212.35 97.89 
  68 84.20 458.61 97.89 
  69 82.95 269.93 97.89 
  70 122.09 272.56 97.89 
  71 124.91 316.69 122.09 
  72 115.41 417.36 124.91 
  73 89.59 477.10 124.91 
  74 190.94 460.93 124.91 
  75 145.23 436.18 190.94 
  76 222.06 370.30 190.94 
  77 237.60 348.10 222.06 
  78 220.51 569.98 237.60 
  79 214.61 693.11 237.60 
  80 226.74 666.00 237.60 
  81 307.01 702.68 237.60 
  82 289.69 864.41 307.01 
  83 263.99 789.07 307.01 
  84 346.59 587.92 307.01 
  85 391.02 591.74 346.59 
  86 354.16 637.90 391.02 
  87 456.47 627.97 391.02 
  88 474.93 643.13 456.47 
  89 489.20 775.01 474.93 
  90 584.66 1117.14 489.20 
  91 655.41 1172.11 584.66 
  92 642.11 991.09 655.41 
  93 592.34 975.30 655.41 
  94 655.29 1282.33 655.41 
  95 712.35 1249.95 655.41 
  96 882.06 1319.73 712.35 
  97 874.15 1498.23 882.06 
  98 889.85 1468.82 882.06 
  99 835.82 1586.81 889.85 
 100 937.88 1743.81 889.85 
 101 849.62 1755.80 937.88 
 102 868.68 1955.72 937.88 
 103 1038.17 1827.93 937.88 
 104 1030.14 1673.37 1038.17 
 105 1111.42 1892.75 1038.17 
 106 1156.46 1967.79 1111.42 
 107 1225.73 1947.61 1156.46 
 108 1229.71 2005.52 1225.73 
 109 1370.19 1961.41 1229.71 
 110 1424.55 1902.94 1370.19 
 111 1437.91 2200.68 1424.55 
 112 1550.09 2132.11 1437.91 
 113 1655.43 2307.29 1550.09 
 114 1519.34 2518.57 1655.43 
 115 1667.01 2728.46 1655.43 
 116 1793.15 2333.51 1667.01 
 117 1780.69 2615.89 1793.15 
 118 1606.74 2734.65 1793.15 
 119 1875.31 2658.28 1793.15 
 120 1861.45 2678.02 1875.31 
 121 2140.50 2729.78 1875.31 
 122 2095.57 2694.54 2140.50 
 123 2211.72 2728.22 2140.50 
 124 2162.97 2727.89 2211.72 
 125 2032.81 2966.94 2211.72 
 126 2377.39 2912.08 2211.72 
 127 2227.81 2852.97 2377.39 
 128 2272.19 3113.15 2377.39 
 129 2352.08 3091.51 2377.39 
 130 2355.23 3020.73 2377.39 
 131 2424.23 3019.42 2377.39 
 132 2507.33 3003.18 2424.23 
 133 2487.56 2990.17 2507.33 
 134 2678.02 3233.05 2507.33 
 135 2704.45 3444.52 2678.02 
 136 2857.05 3375.70 2704.45 
 137 2774.97 3137.13 2857.05 
 138 2855.50 3181.75 2857.05 
 139 2923.08 3291.55 2857.05 
 140 2700.66 3309.16 2923.08 
 141 2865.55 3221.57 2923.08 
 142 2964.00 3322.70 2923.08 
 143 2827.04 3356.45 2964.00 
 144 2972.77 3310.17 2964.00 
 145 3060.01 3312.95 2972.77 
 146 3162.84 3335.54 3060.01 
 147 3122.56 3322.48 3162.84 
 148 3149.37 3383.16 3162.84 
 149 3273.70 3446.56 3162.84 
 150 3232.36 3438.93 3273.70 
 151 3181.99 3488.46 3273.70 
 152 3261.27 3443.21 3273.70 
 153 3265.55 3359.68 3273.70 
 154 3279.14 3338.15 3273.70 
 155 3363.58 3447.21 3279.14 
 156 3318.87 3411.75 3363.58 
 157 3417.32 3555.35 3363.58 
 158 3401.01 3461.53 3417.32 
 159 3409.62 3585.38 3417.32 
 160 3352.89 3414.98 3417.32 
 161 3324.34 3586.74 3417.32 
 162 3363.82 3543.16 3417.32 
 163 3298.31 3407.76 3417.32 
 164 3517.13 3512.84 3417.32 
 165 3379.04 3487.81 3517.13 
 166 3511.07 3498.45 3517.13 
 167 3519.79 3404.51 3517.13 
 168 3523.75 3435.66 3519.79 
 169 3538.34 3471.19 3523.75 
 170 3605.86 3400.97 3538.34 
 171 3416.70 3619.26 3605.86 
 172 3787.60 3586.94 3605.86 
 173 3601.91 3690.29 3787.60 
 174 3708.06 3641.90 3787.60 
 175 3573.65 3629.76 3787.60 
 176 3663.17 3595.20 3787.60 
 177 3652.14 3559.45 3787.60 
 178 3552.95 3561.23 3787.60 
 179 3702.77 3518.39 3787.60 
 180 3578.20 3601.34 3787.60 
 181 3785.74 3684.22 3787.60 
 182 3824.56 3765.04 3787.60 
 183 3689.31 3811.70 3824.56 
 184 3665.31 3878.06 3824.56 
 185 3648.43 3798.77 3824.56 
 186 3741.45 3853.46 3824.56 
 187 3862.84 3814.05 3824.56 
 188 3754.16 3801.14 3862.84 
 189 3784.59 3822.34 3862.84 
 190 3661.94 3683.51 3862.84 
 191 3720.87 3730.41 3862.84 
 192 3850.77 3624.26 3862.84 
 193 3789.69 3813.03 3862.84 
 194 3737.99 3803.99 3862.84 
 195 3715.44 3750.36 3862.84 
 196 3714.20 3829.20 3862.84 
 197 3881.97 3890.96 3862.84 
 198 3794.28 3915.79 3881.97 
 199 3749.52 4027.21 3881.97 
 200 3920.82 3740.41 3881.97 
