Iter | Sampling Pol | Evaluation Pol | Best (Sampled) 
   0 -2.19 -4.53 -100000000.00 
   1 -3.36 -4.23 -2.19 
   2 -2.22 -4.02 -2.19 
   3 -2.28 -3.73 -2.19 
   4 -2.08 -2.16 -2.19 
   5 -2.80 -3.69 -2.08 
   6 -2.09 -2.92 -2.08 
   7 -1.19 -1.23 -2.08 
   8 -1.00 -2.80 -1.19 
   9 -1.27  0.32 -1.00 
  10 -1.56 -0.99 -1.00 
  11 -1.77  0.91 -1.00 
  12 -0.98  1.30 -1.00 
  13 -2.68  0.64 -0.98 
  14 -1.77 29.88 -0.98 
  15  0.69  0.63 -0.98 
  16  2.27  3.30  0.69 
  17 -1.39  3.10  2.27 
  18  1.17 56.79  2.27 
  19  3.79  4.14  2.27 
  20  1.88  6.20  3.79 
  21  2.95  7.24  3.79 
  22  2.76  7.83  3.79 
  23  8.90  8.38  3.79 
  24  4.66  6.25  8.90 
  25  0.95  7.43  8.90 
  26  2.29 27.71  8.90 
  27 14.20 10.26  8.90 
  28  3.02 13.88 14.20 
  29  9.17 10.80 14.20 
  30  8.60 29.27 14.20 
  31 11.48 13.76 14.20 
  32 22.93 20.42 14.20 
  33 12.63 16.70 22.93 
  34 13.03 16.14 22.93 
  35 35.40 27.28 22.93 
  36 26.36 19.18 35.40 
  37 35.55 46.81 35.40 
  38 34.31 65.48 35.55 
  39 46.48 28.43 35.55 
  40 41.89 26.49 46.48 
  41 30.39 15.18 46.48 
  42 23.97 14.97 46.48 
  43 32.24 17.18 46.48 
  44 66.66 18.75 46.48 
  45 56.02 29.09 66.66 
  46 61.54 118.52 66.66 
  47 55.55 82.87 66.66 
  48 91.56 128.31 66.66 
  49 48.12 143.89 91.56 
  50 78.35 51.34 91.56 
  51 70.27 38.43 91.56 
  52 80.80 50.91 91.56 
  53 81.03 48.54 91.56 
  54 72.19 54.90 91.56 
  55 95.92 60.16 91.56 
  56 108.43 147.05 95.92 
  57 130.70 80.32 108.43 
  58 121.57 86.89 130.70 
  59 120.11 105.51 130.70 
  60 143.28 110.20 130.70 
  61 120.16 104.23 143.28 
  62 135.08 111.60 143.28 
  63 148.64 211.77 143.28 
  64 141.86 167.55 148.64 
  65 158.25 222.96 148.64 
  66 178.63 136.77 158.25 
  67 199.83 201.95 178.63 
  68 231.69 133.06 199.83 
  69 187.81 154.68 231.69 
  70 262.87 146.01 231.69 
  71 269.72 187.17 262.87 
  72 277.35 216.82 269.72 
  73 316.86 220.43 277.35 
  74 314.23 297.56 316.86 
  75 343.90 204.76 316.86 
  76 320.51 256.10 343.90 
  77 379.49 500.64 343.90 
  78 473.03 518.16 379.49 
  79 445.33 666.30 473.03 
  80 519.52 664.31 473.03 
  81 629.26 808.06 519.52 
  82 633.40 778.50 629.26 
  83 651.09 737.97 633.40 
  84 666.21 744.66 651.09 
  85 675.02 783.82 666.21 
  86 773.56 981.27 675.02 
  87 893.02 898.09 773.56 
  88 971.20 1125.25 893.02 
  89 1048.15 1042.76 971.20 
  90 949.84 1099.02 1048.15 
  91 1048.84 1089.79 1048.15 
  92 1104.81 1192.38 1048.84 
  93 1105.97 1282.49 1104.81 
  94 1284.92 1324.10 1105.97 
  95 1321.70 1549.98 1284.92 
  96 1382.78 1423.71 1321.70 
  97 1385.93 1591.10 1382.78 
  98 1421.13 2023.04 1385.93 
  99 1620.38 2033.95 1421.13 
 100 1558.80 2154.16 1620.38 
 101 1651.35 2193.31 1620.38 
 102 1670.72 2110.88 1651.35 
 103 1689.93 2194.04 1670.72 
 104 1737.05 2261.10 1689.93 
 105 1920.27 2366.73 1737.05 
 106 1853.10 2480.44 1920.27 
 107 1911.75 2532.98 1920.27 
 108 2128.69 2647.97 1920.27 
 109 2036.63 2639.66 2128.69 
 110 2172.69 2629.04 2128.69 
 111 2230.86 2538.35 2172.69 
 112 2356.66 2619.32 2230.86 
 113 2139.57 2513.79 2356.66 
 114 2333.25 2473.25 2356.66 
 115 2256.37 2310.33 2356.66 
 116 2334.41 2383.93 2356.66 
 117 2416.16 2314.59 2356.66 
 118 2598.72 2558.06 2416.16 
 119 2580.75 2400.42 2598.72 
 120 2692.92 2308.90 2598.72 
 121 2660.08 2451.99 2692.92 
 122 2711.36 2688.05 2692.92 
 123 2747.19 2841.31 2711.36 
 124 2810.38 2891.41 2747.19 
 125 2834.33 2631.46 2810.38 
 126 2935.17 2723.17 2834.33 
 127 2979.22 2836.38 2935.17 
 128 2933.45 2900.26 2979.22 
 129 3018.02 3093.17 2979.22 
 130 3120.89 2975.45 3018.02 
 131 2930.62 2977.14 3120.89 
 132 3090.18 3139.65 3120.89 
 133 3280.62 3171.71 3120.89 
 134 3134.00 3109.36 3280.62 
 135 3348.22 3153.57 3280.62 
 136 3207.94 3157.32 3348.22 
 137 3480.36 3145.15 3348.22 
 138 3216.98 3119.68 3480.36 
 139 3174.53 3273.30 3480.36 
 140 3343.80 3259.83 3480.36 
 141 3348.62 3255.36 3480.36 
 142 3201.91 3068.72 3480.36 
 143 3367.35 3103.42 3480.36 
 144 3418.85 3226.70 3480.36 
 145 3457.59 3281.27 3480.36 
 146 3506.28 3094.53 3480.36 
 147 3547.39 3167.13 3506.28 
 148 3563.76 2992.33 3547.39 
 149 3600.23 3186.32 3563.76 
 150 3537.10 3103.88 3600.23 
 151 3426.49 3081.82 3600.23 
 152 3592.53 2921.05 3600.23 
 153 3537.90 3091.75 3600.23 
 154 3655.59 3134.89 3600.23 
 155 3644.02 3248.24 3655.59 
 156 3669.99 3045.11 3655.59 
 157 3661.56 2998.37 3669.99 
 158 3614.43 3010.96 3669.99 
 159 3624.08 3171.80 3669.99 
 160 3721.18 3119.50 3669.99 
 161 3583.77 3186.09 3721.18 
 162 3606.39 3062.93 3721.18 
 163 3855.21 3043.53 3721.18 
 164 3597.83 3210.10 3855.21 
 165 3771.75 3345.81 3855.21 
 166 3828.97 3448.23 3855.21 
 167 3891.40 3484.37 3855.21 
 168 3824.75 3510.84 3891.40 
 169 3667.73 3343.75 3891.40 
 170 3780.58 3366.92 3891.40 
 171 3795.52 3368.94 3891.40 
 172 3884.79 3242.80 3891.40 
 173 3772.77 3260.35 3891.40 
 174 3975.58 3166.62 3891.40 
 175 3844.83 3176.85 3975.58 
 176 3935.46 3161.11 3975.58 
 177 3945.85 3329.95 3975.58 
 178 3984.49 3280.33 3975.58 
 179 3911.15 3163.02 3984.49 
 180 3790.04 3453.98 3984.49 
 181 3973.51 3433.14 3984.49 
 182 3914.95 3281.45 3984.49 
 183 4028.58 3346.71 3984.49 
 184 3928.23 3403.66 4028.58 
 185 3846.81 3401.59 4028.58 
 186 3998.68 3642.17 4028.58 
 187 4058.20 3501.51 4028.58 
 188 4054.73 3491.13 4058.20 
 189 4003.02 3721.68 4058.20 
 190 4021.51 3744.13 4058.20 
 191 3963.17 3769.42 4058.20 
 192 3936.94 3672.44 4058.20 
 193 4072.96 3560.68 4058.20 
 194 3964.64 3509.48 4072.96 
 195 4076.25 3700.80 4072.96 
 196 4040.38 3731.86 4076.25 
 197 3957.79 3724.05 4076.25 
 198 4119.31 3581.48 4076.25 
 199 4076.75 3540.29 4119.31 
 200 4048.08 3780.79 4119.31 
