Iter | Sampling Pol | Evaluation Pol | Best (Sampled) 
   0 -2.16 -4.02 -100000000.00 
   1 -1.90 -3.22 -2.16 
   2 -2.72 -3.02 -1.90 
   3  0.02 -0.63 -1.90 
   4 -1.19 -2.33  0.02 
   5  5.63 -0.99  0.02 
   6 -1.85  0.80  5.63 
   7  2.17  3.26  5.63 
   8 -0.01  6.79  5.63 
   9 -2.61  7.72  5.63 
  10  1.93  5.38  5.63 
  11 -1.68  7.64  5.63 
  12  3.34 11.37  5.63 
  13 -1.34  1.14  5.63 
  14  3.34  0.33  5.63 
  15  2.60 13.10  5.63 
  16  5.86 13.57  5.63 
  17  1.15 26.94  5.86 
  18  6.86 18.68  5.86 
  19  5.81 25.74  6.86 
  20 -0.37 10.51  6.86 
  21  3.14 23.33  6.86 
  22  5.42 17.01  6.86 
  23  5.61 13.67  6.86 
  24  1.90  5.62  6.86 
  25 20.47  7.05  6.86 
  26 16.35  7.98 20.47 
  27 12.47 16.68 20.47 
  28 12.67  6.98 20.47 
  29 15.50 26.21 20.47 
  30 13.91  5.18 20.47 
  31 29.43  9.61 20.47 
  32 21.12 31.95 29.43 
  33 29.09 77.32 29.43 
  34 28.33 62.76 29.43 
  35 41.39 69.53 29.43 
  36 24.05 112.45 41.39 
  37 30.49 35.29 41.39 
  38 20.26 80.42 41.39 
  39 35.96 132.82 41.39 
  40 25.97 49.88 41.39 
  41 46.20 84.11 41.39 
  42 43.56 127.42 46.20 
  43 39.81 175.65 46.20 
  44 70.94 156.40 46.20 
  45 41.21 94.74 70.94 
  46 46.28 129.43 70.94 
  47 41.31 103.38 70.94 
  48 59.42 93.87 70.94 
  49 96.22 148.30 70.94 
  50 71.33 161.23 96.22 
  51 66.81 149.01 96.22 
  52 92.04 203.11 96.22 
  53 63.90 206.85 96.22 
  54 71.40 187.73 96.22 
  55 97.76 132.06 96.22 
  56 101.82 174.14 97.76 
  57 135.53 143.13 101.82 
  58 83.99 238.97 135.53 
  59 166.70 149.46 135.53 
  60 107.14 186.64 166.70 
  61 127.94 142.31 166.70 
  62 140.66 134.72 166.70 
  63 201.27 288.56 166.70 
  64 175.93 266.14 201.27 
  65 188.79 366.65 201.27 
  66 233.67 436.82 201.27 
  67 146.16 447.82 233.67 
  68 206.88 351.85 233.67 
  69 200.57 286.11 233.67 
  70 123.33 446.34 233.67 
  71 241.01 401.10 233.67 
  72 286.24 645.34 241.01 
  73 321.04 857.89 286.24 
  74 319.00 580.01 321.04 
  75 301.87 723.70 321.04 
  76 368.58 642.85 321.04 
  77 403.00 773.33 368.58 
  78 400.56 641.06 403.00 
  79 406.77 1018.09 403.00 
  80 451.21 908.37 406.77 
  81 535.34 829.50 451.21 
  82 527.48 1050.75 535.34 
  83 510.40 1012.66 535.34 
  84 610.14 1190.76 535.34 
  85 612.85 1239.08 610.14 
  86 697.27 1352.48 612.85 
  87 832.22 1333.83 697.27 
  88 729.94 1468.70 832.22 
  89 781.74 1373.73 832.22 
  90 831.40 1587.37 832.22 
  91 963.06 1724.39 832.22 
  92 1032.82 1880.68 963.06 
  93 1005.11 1954.30 1032.82 
  94 1034.01 2149.03 1032.82 
  95 1211.13 2172.09 1034.01 
  96 1214.45 1913.54 1211.13 
  97 1263.59 2222.49 1214.45 
  98 1517.27 2296.59 1263.59 
  99 1297.54 2342.84 1517.27 
 100 1474.07 2177.73 1517.27 
 101 1490.07 2308.98 1517.27 
 102 1619.20 2182.36 1517.27 
 103 1741.19 2475.26 1619.20 
 104 1397.99 2633.84 1741.19 
 105 1788.28 2602.36 1741.19 
 106 1732.61 2550.53 1788.28 
 107 1829.01 2846.12 1788.28 
 108 1869.75 2904.44 1829.01 
 109 1939.38 2919.24 1869.75 
 110 2017.84 2896.09 1939.38 
 111 2149.08 2987.34 2017.84 
 112 2087.06 2991.24 2149.08 
 113 2161.50 2993.41 2149.08 
 114 2041.70 2964.81 2161.50 
 115 2287.67 2851.94 2161.50 
 116 2338.13 2954.52 2287.67 
 117 2501.55 3109.33 2338.13 
 118 2351.56 3062.29 2501.55 
 119 2458.68 3171.36 2501.55 
 120 2461.50 3152.09 2501.55 
 121 2542.67 3136.35 2501.55 
 122 2713.63 3249.10 2542.67 
 123 2705.57 3101.81 2713.63 
 124 2615.54 3178.60 2713.63 
 125 2585.79 3075.22 2713.63 
 126 2820.51 3200.29 2713.63 
 127 2696.23 3147.20 2820.51 
 128 2836.92 3235.77 2820.51 
 129 2914.02 3304.99 2836.92 
 130 2938.28 3166.37 2914.02 
 131 2907.42 3092.54 2938.28 
 132 2970.70 3086.95 2938.28 
 133 3113.21 3057.17 2970.70 
 134 3017.99 3088.81 3113.21 
 135 3065.97 2979.47 3113.21 
 136 3240.53 3085.70 3113.21 
 137 3150.16 3271.05 3240.53 
 138 3255.93 3274.77 3240.53 
 139 3279.11 3291.77 3255.93 
 140 3108.38 2945.76 3279.11 
 141 3246.49 3326.47 3279.11 
 142 3327.23 2903.53 3279.11 
 143 3205.06 3314.85 3327.23 
 144 3264.49 3089.46 3327.23 
 145 3171.30 2924.36 3327.23 
 146 3403.42 2958.51 3327.23 
 147 3300.40 3026.74 3403.42 
 148 3473.90 3089.73 3403.42 
 149 3481.95 3133.65 3473.90 
 150 3368.78 3223.08 3481.95 
 151 3419.22 3279.88 3481.95 
 152 3537.46 3244.09 3481.95 
 153 3449.00 3133.25 3537.46 
 154 3551.55 3038.47 3537.46 
 155 3519.91 3078.64 3551.55 
 156 3507.50 2973.46 3551.55 
 157 3614.39 3048.53 3551.55 
 158 3645.49 3019.45 3614.39 
 159 3569.15 2946.31 3645.49 
 160 3579.88 2768.70 3645.49 
 161 3533.90 2778.46 3645.49 
 162 3655.98 3176.26 3645.49 
 163 3612.52 3066.03 3655.98 
 164 3691.56 2898.99 3655.98 
 165 3615.90 3103.97 3691.56 
 166 3753.12 3433.43 3691.56 
 167 3675.77 3279.37 3753.12 
 168 3790.92 3466.07 3753.12 
 169 3740.34 3487.67 3790.92 
 170 3760.64 3391.85 3790.92 
 171 3836.22 3410.84 3790.92 
 172 3825.19 3513.18 3836.22 
 173 3794.07 3412.13 3836.22 
 174 3808.51 3663.38 3836.22 
 175 3833.79 3544.59 3836.22 
 176 3918.62 3577.81 3836.22 
 177 3906.74 3351.99 3918.62 
 178 3780.68 3425.35 3918.62 
 179 3983.12 3440.16 3918.62 
 180 3845.59 3271.52 3983.12 
 181 3868.75 3180.90 3983.12 
 182 3911.15 3073.04 3983.12 
 183 3778.10 3066.91 3983.12 
 184 3924.50 3017.89 3983.12 
 185 3803.04 3056.32 3983.12 
 186 3899.76 2987.71 3983.12 
 187 3937.28 2954.11 3983.12 
 188 3856.31 2935.43 3983.12 
 189 3867.36 3062.64 3983.12 
 190 3974.53 3185.52 3983.12 
 191 3737.96 3436.09 3983.12 
 192 4008.01 3515.82 3983.12 
 193 4014.68 3698.39 4008.01 
 194 3942.51 3801.68 4014.68 
 195 3876.88 3518.80 4014.68 
 196 3922.85 3774.36 4014.68 
 197 3973.15 3726.66 4014.68 
 198 3884.36 3869.07 4014.68 
 199 3949.61 3880.25 4014.68 
 200 3975.19 3470.35 4014.68 
