Iter | Sampling Pol | Evaluation Pol | Best (Sampled) 
   0 -2594.10 -2129.34 -100000000.00 
   1 -2379.33 -2132.76 -2594.10 
   2 -2273.11 -2089.75 -2379.33 
   3 -2196.96 -2023.88 -2273.11 
   4 -2065.00 -2015.63 -2196.96 
   5 -2043.22 -2020.82 -2065.00 
   6 -2013.32 -2016.85 -2043.22 
   7 -2009.48 -2014.78 -2013.32 
   8 -1999.71 -2028.47 -2009.48 
   9 -2001.31 -2032.86 -1999.71 
  10 -1999.11 -1968.84 -1999.71 
  11 -1999.07 -1987.77 -1999.11 
  12 -1997.92 -2067.45 -1999.07 
  13 -1991.80 -2040.48 -1997.92 
  14 -2010.93 -1995.87 -1991.80 
  15 -1984.34 -1996.07 -1991.80 
  16 -1990.21 -2008.44 -1984.34 
  17 -1987.43 -2004.02 -1984.34 
  18 -1989.75 -2010.38 -1984.34 
  19 -1992.14 -2003.68 -1984.34 
  20 -1985.19 -1988.96 -1984.34 
  21 -1986.11 -1982.78 -1984.34 
  22 -1984.48 -1993.63 -1984.34 
  23 -1988.05 -1987.82 -1984.34 
  24 -1980.39 -2001.83 -1984.34 
  25 -1976.74 -1990.05 -1980.39 
  26 -1983.51 -2003.79 -1976.74 
  27 -1987.61 -1934.54 -1976.74 
  28 -1978.33 -1943.29 -1976.74 
  29 -1985.96 -1911.33 -1976.74 
  30 -1984.06 -1978.74 -1976.74 
  31 -1991.53 -1932.28 -1976.74 
  32 -1979.20 -1929.48 -1976.74 
  33 -1987.45 -1965.09 -1976.74 
  34 -1979.62 -2012.12 -1976.74 
  35 -1979.80 -1967.91 -1976.74 
  36 -1984.75 -1993.20 -1976.74 
  37 -1992.60 -2001.59 -1976.74 
  38 -1984.41 -2003.50 -1976.74 
  39 -1972.19 -2003.84 -1976.74 
  40 -1977.87 -1997.58 -1972.19 
  41 -1973.06 -1998.72 -1972.19 
  42 -1970.96 -1997.38 -1972.19 
  43 -1969.71 -1999.56 -1970.96 
  44 -1981.98 -2003.54 -1969.71 
  45 -1975.39 -2008.57 -1969.71 
  46 -1966.79 -2006.56 -1969.71 
  47 -1974.15 -2001.50 -1966.79 
  48 -1950.66 -2005.87 -1966.79 
  49 -1953.67 -2027.05 -1950.66 
  50 -1958.75 -1992.89 -1950.66 
  51 -1962.74 -1995.74 -1950.66 
  52 -1979.36 -1997.96 -1950.66 
  53 -1972.64 -1995.70 -1950.66 
  54 -1953.78 -1998.64 -1950.66 
  55 -1958.79 -1935.31 -1950.66 
  56 -1953.59 -1918.05 -1950.66 
  57 -1971.04 -1953.72 -1950.66 
  58 -1949.64 -1962.24 -1950.66 
  59 -1943.97 -1904.20 -1949.64 
  60 -1952.63 -1897.11 -1943.97 
  61 -1946.66 -1887.67 -1943.97 
  62 -1970.59 -1890.29 -1943.97 
  63 -1938.73 -1928.94 -1943.97 
  64 -1948.80 -1925.95 -1938.73 
  65 -1940.77 -1930.05 -1938.73 
  66 -1931.01 -1926.81 -1938.73 
  67 -1947.02 -1965.45 -1931.01 
  68 -1933.88 -1930.60 -1931.01 
  69 -1933.81 -1935.19 -1931.01 
  70 -1942.23 -1973.51 -1931.01 
  71 -1922.84 -1974.25 -1931.01 
  72 -1945.99 -1980.47 -1922.84 
  73 -1948.53 -1928.45 -1922.84 
  74 -1936.06 -1948.28 -1922.84 
  75 -1931.73 -1951.04 -1922.84 
  76 -1939.65 -1901.24 -1922.84 
  77 -1926.07 -1941.18 -1922.84 
  78 -1933.10 -1951.02 -1922.84 
  79 -1933.13 -1955.03 -1922.84 
  80 -1937.68 -1886.00 -1922.84 
  81 -1923.02 -1946.46 -1922.84 
  82 -1928.82 -1970.16 -1922.84 
  83 -1932.15 -1943.00 -1922.84 
  84 -1921.87 -1860.76 -1922.84 
  85 -1913.30 -1881.05 -1921.87 
  86 -1913.51 -1902.25 -1913.30 
  87 -1901.94 -1840.25 -1913.30 
  88 -1933.36 -1820.00 -1901.94 
  89 -1899.39 -1826.90 -1901.94 
  90 -1900.10 -1772.14 -1899.39 
  91 -1893.09 -1873.65 -1899.39 
  92 -1907.04 -1660.18 -1893.09 
  93 -1900.12 -1884.72 -1893.09 
  94 -1881.85 -1797.34 -1893.09 
  95 -1875.35 -1782.54 -1881.85 
  96 -1833.64 -1765.35 -1875.35 
  97 -1868.60 -1715.20 -1833.64 
  98 -1833.29 -1767.44 -1833.64 
  99 -1850.71 -1794.17 -1833.29 
 100 -1832.61 -1739.59 -1833.29 
 101 -1845.16 -1653.69 -1832.61 
 102 -1864.96 -1613.34 -1832.61 
 103 -1813.01 -1662.21 -1832.61 
 104 -1828.88 -1623.88 -1813.01 
 105 -1829.90 -1732.34 -1813.01 
 106 -1840.15 -1706.16 -1813.01 
 107 -1822.60 -1669.62 -1813.01 
 108 -1818.79 -1644.48 -1813.01 
 109 -1813.61 -1659.54 -1813.01 
 110 -1780.47 -1567.90 -1813.01 
 111 -1771.07 -1527.65 -1780.47 
 112 -1825.09 -1570.90 -1771.07 
 113 -1795.17 -1636.52 -1771.07 
 114 -1739.36 -1662.55 -1771.07 
 115 -1768.27 -1791.22 -1739.36 
 116 -1787.12 -1777.75 -1739.36 
 117 -1706.54 -1729.18 -1739.36 
 118 -1714.13 -1766.90 -1706.54 
 119 -1721.71 -1636.06 -1706.54 
 120 -1703.37 -1671.13 -1706.54 
 121 -1691.75 -1734.12 -1703.37 
 122 -1685.89 -1657.20 -1691.75 
 123 -1713.33 -1560.89 -1685.89 
 124 -1694.15 -1492.79 -1685.89 
 125 -1711.71 -1486.17 -1685.89 
 126 -1698.72 -1436.94 -1685.89 
 127 -1625.05 -1393.29 -1685.89 
 128 -1675.48 -1430.35 -1625.05 
 129 -1657.44 -1518.62 -1625.05 
 130 -1593.38 -1478.72 -1625.05 
 131 -1590.81 -1365.09 -1593.38 
 132 -1599.90 -1329.59 -1590.81 
 133 -1558.21 -1153.74 -1590.81 
 134 -1593.54 -1202.25 -1558.21 
 135 -1583.34 -1302.42 -1558.21 
 136 -1552.87 -1337.10 -1558.21 
 137 -1555.60 -1377.93 -1552.87 
 138 -1506.82 -1358.76 -1552.87 
 139 -1482.70 -1365.14 -1506.82 
 140 -1508.37 -1325.02 -1482.70 
 141 -1456.61 -1370.82 -1482.70 
 142 -1439.96 -1296.40 -1456.61 
 143 -1487.74 -1239.09 -1439.96 
 144 -1408.78 -1290.14 -1439.96 
 145 -1407.32 -1257.23 -1408.78 
 146 -1393.35 -1259.90 -1407.32 
 147 -1366.00 -1187.99 -1393.35 
 148 -1400.21 -1381.00 -1366.00 
 149 -1389.28 -1280.09 -1366.00 
 150 -1332.27 -1165.81 -1366.00 
 151 -1376.78 -1188.87 -1332.27 
 152 -1333.39 -1228.50 -1332.27 
 153 -1361.63 -1244.73 -1332.27 
 154 -1253.50 -1207.17 -1332.27 
 155 -1282.59 -1272.98 -1253.50 
 156 -1208.12 -1353.96 -1253.50 
 157 -1283.22 -1223.32 -1208.12 
 158 -1174.66 -1323.06 -1208.12 
 159 -1205.88 -1356.43 -1174.66 
 160 -1208.21 -1286.91 -1174.66 
 161 -1148.02 -1244.44 -1174.66 
 162 -1129.04 -1159.36 -1148.02 
 163 -1135.19 -1129.51 -1129.04 
 164 -1161.03 -1079.80 -1129.04 
 165 -1068.06 -1236.12 -1129.04 
 166 -1154.67 -1037.45 -1068.06 
 167 -1144.13 -1035.27 -1068.06 
 168 -1058.85 -1092.64 -1068.06 
 169 -1022.13 -1156.75 -1058.85 
 170 -1029.74 -1029.60 -1022.13 
 171 -979.83 -1040.08 -1022.13 
 172 -994.33 -1108.30 -979.83 
 173 -960.23 -993.39 -979.83 
 174 -893.80 -1071.29 -960.23 
 175 -951.08 -1044.98 -893.80 
 176 -900.33 -1073.05 -893.80 
 177 -983.57 -1042.98 -893.80 
 178 -962.45 -1145.24 -893.80 
 179 -888.31 -1112.16 -893.80 
 180 -946.78 -1028.98 -888.31 
 181 -890.60 -1019.73 -888.31 
 182 -865.92 -1043.17 -888.31 
 183 -863.21 -999.70 -865.92 
 184 -808.25 -901.13 -863.21 
 185 -852.77 -915.02 -808.25 
 186 -819.29 -987.09 -808.25 
 187 -853.99 -865.24 -808.25 
 188 -736.71 -907.46 -808.25 
 189 -753.61 -871.38 -736.71 
 190 -762.38 -840.76 -736.71 
 191 -749.32 -852.10 -736.71 
 192 -742.20 -768.59 -736.71 
 193 -754.40 -662.51 -736.71 
 194 -827.75 -559.35 -736.71 
 195 -802.39 -748.27 -736.71 
 196 -839.72 -592.01 -736.71 
 197 -707.50 -602.15 -736.71 
 198 -690.01 -600.77 -707.50 
 199 -675.76 -656.97 -690.01 
 200 -701.10 -490.52 -675.76 
 201 -725.33 -595.87 -675.76 
 202 -582.92 -523.81 -675.76 
 203 -619.28 -467.42 -582.92 
 204 -640.89 -382.89 -582.92 
 205 -592.72 -424.50 -582.92 
 206 -669.59 -373.33 -582.92 
 207 -589.68 -507.92 -582.92 
 208 -617.02 -572.62 -582.92 
 209 -577.32 -496.82 -582.92 
 210 -590.34 -500.88 -577.32 
 211 -592.44 -458.55 -577.32 
 212 -501.64 -482.03 -577.32 
 213 -585.97 -336.46 -501.64 
 214 -459.98 -356.90 -501.64 
 215 -503.34 -366.24 -459.98 
 216 -448.79 -267.68 -459.98 
 217 -488.21 -285.65 -448.79 
 218 -384.19 -491.31 -448.79 
 219 -375.16 -546.71 -384.19 
 220 -461.63 -518.85 -375.16 
 221 -386.27 -566.40 -375.16 
 222 -431.07 -519.39 -375.16 
 223 -344.48 -396.91 -375.16 
 224 -337.80 -314.00 -344.48 
 225 -345.33 -293.11 -337.80 
 226 -322.37 -375.89 -337.80 
 227 -415.02 -525.75 -322.37 
 228 -363.91 -533.41 -322.37 
 229 -263.03 -510.81 -322.37 
 230 -251.47 -520.33 -263.03 
 231 -348.46 -424.99 -251.47 
 232 -331.78 -574.77 -251.47 
 233 -222.82 -469.82 -251.47 
 234 -278.96 -239.67 -222.82 
 235 -190.61 -360.19 -222.82 
 236 -212.70 -286.82 -190.61 
 237 -167.87 -256.30 -190.61 
 238 -130.84 -206.93 -167.87 
 239 -88.49 -283.40 -130.84 
 240 -185.07 -283.13 -88.49 
 241 -37.88 -220.93 -88.49 
 242 -115.50 -161.87 -37.88 
 243 -119.65 18.25 -37.88 
 244 -13.42  3.40 -37.88 
 245  8.03 -19.77 -13.42 
 246 -82.94 -33.74  8.03 
 247 16.38 78.09  8.03 
 248 88.03 -47.88 16.38 
 249 60.13 -209.93 88.03 
 250 116.49 -178.83 88.03 
 251 60.74 -77.05 116.49 
 252 184.21 -40.58 116.49 
 253 207.01 57.95 184.21 
 254 157.05 186.39 207.01 
 255 203.87 148.69 207.01 
 256 218.72 233.05 207.01 
 257 237.96 294.55 218.72 
 258 296.27 256.38 237.96 
 259 127.47 129.57 296.27 
 260 268.01 87.65 296.27 
 261 411.69 435.93 296.27 
 262 423.27 -29.48 411.69 
 263 494.72 -41.38 423.27 
 264 546.59 116.79 494.72 
 265 627.32 155.44 546.59 
 266 474.76 271.79 627.32 
 267 455.24 217.99 627.32 
 268 596.59 82.57 627.32 
 269 788.86 497.25 627.32 
 270 657.42 321.10 788.86 
 271 704.89 87.16 788.86 
 272 756.56 352.97 788.86 
 273 659.68 253.64 788.86 
 274 578.49 497.70 788.86 
 275 881.34 575.62 788.86 
 276 701.98 365.87 881.34 
 277 776.04 851.31 881.34 
 278 721.72 701.97 881.34 
 279 987.23 697.77 881.34 
 280 746.26 846.53 987.23 
 281 702.91 904.66 987.23 
 282 917.02 677.93 987.23 
 283 854.91 967.62 987.23 
 284 894.63 757.56 987.23 
 285 819.69 862.29 987.23 
 286 904.56 812.48 987.23 
 287 755.10 748.86 987.23 
 288 790.43 1015.23 987.23 
 289 754.24 1177.40 987.23 
 290 950.92 1137.74 987.23 
 291 929.19 952.93 987.23 
 292 1081.55 1129.19 987.23 
 293 996.40 1003.82 1081.55 
 294 861.47 1009.69 1081.55 
 295 1073.59 876.02 1081.55 
 296 1163.10 1055.83 1081.55 
 297 1237.79 1363.79 1163.10 
 298 1235.53 1265.26 1237.79 
 299 1214.81 1001.77 1237.79 
 300 1067.80 1229.07 1237.79 
 301 1215.32 1151.54 1237.79 
 302 1148.54 959.53 1237.79 
 303 1281.27 1214.15 1237.79 
 304 1224.65 1107.14 1281.27 
 305 1193.72 1251.65 1281.27 
 306 1076.79 974.69 1281.27 
 307 1344.02 861.80 1281.27 
 308 1260.52 1237.66 1344.02 
 309 1253.24 909.87 1344.02 
 310 1203.23 1072.85 1344.02 
 311 1392.26 1300.73 1344.02 
 312 1436.77 1393.20 1392.26 
 313 1396.38 1323.13 1436.77 
 314 1537.96 1513.00 1436.77 
 315 1342.38 1515.37 1537.96 
 316 1474.27 1328.65 1537.96 
 317 1447.80 1150.44 1537.96 
 318 1412.69 1124.43 1537.96 
 319 1626.41 1454.61 1537.96 
 320 1516.84 1532.85 1626.41 
 321 1580.29 1710.10 1626.41 
 322 1711.44 1926.09 1626.41 
 323 1685.27 1689.93 1711.44 
 324 1488.41 1848.93 1711.44 
 325 1486.48 1605.07 1711.44 
 326 1743.42 1461.60 1711.44 
 327 1462.52 1541.84 1743.42 
 328 1513.34 1418.06 1743.42 
 329 1703.35 1394.83 1743.42 
 330 1596.83 1858.70 1743.42 
 331 1569.83 1638.93 1743.42 
 332 1542.08 1971.14 1743.42 
 333 1775.66 2087.85 1743.42 
 334 1778.44 1992.00 1775.66 
 335 1579.13 1754.57 1778.44 
 336 1576.67 1827.45 1778.44 
 337 1708.58 1563.84 1778.44 
 338 1649.40 1944.74 1778.44 
 339 1722.38 1847.65 1778.44 
 340 1667.07 1928.65 1778.44 
 341 1774.12 1851.59 1778.44 
 342 1870.20 1875.92 1778.44 
 343 1818.78 1971.62 1870.20 
 344 1754.11 1750.02 1870.20 
 345 1766.86 1741.23 1870.20 
 346 1814.19 1705.55 1870.20 
 347 1833.06 2042.78 1870.20 
 348 1714.62 1834.11 1870.20 
 349 1749.86 2063.41 1870.20 
 350 1886.11 2154.82 1870.20 
 351 1960.09 2252.18 1886.11 
 352 1824.69 2199.40 1960.09 
 353 1703.20 2297.60 1960.09 
 354 1917.90 2325.53 1960.09 
 355 1837.67 2110.02 1960.09 
 356 1861.51 2332.36 1960.09 
 357 1940.31 2447.94 1960.09 
 358 1878.98 2393.72 1960.09 
 359 1992.33 2256.16 1960.09 
 360 1973.46 2309.44 1992.33 
 361 1936.45 2155.78 1992.33 
 362 1945.75 2090.93 1992.33 
 363 2039.37 2237.29 1992.33 
 364 2009.06 2156.34 2039.37 
 365 2109.80 2028.59 2039.37 
 366 2084.33 1787.12 2109.80 
 367 2096.71 1905.42 2109.80 
 368 2106.38 2281.26 2109.80 
 369 2068.71 1975.03 2109.80 
 370 2194.93 1943.21 2109.80 
 371 1970.80 1746.96 2194.93 
 372 2104.50 2100.53 2194.93 
 373 1965.61 1766.64 2194.93 
 374 2380.23 2000.70 2194.93 
 375 2038.02 1717.26 2380.23 
 376 2200.78 2019.56 2380.23 
 377 2161.64 1916.03 2380.23 
 378 2275.24 2180.23 2380.23 
 379 2189.26 2063.47 2380.23 
 380 2136.49 2180.27 2380.23 
 381 2311.04 1701.26 2380.23 
 382 2280.32 1882.83 2380.23 
 383 2166.35 1914.37 2380.23 
 384 2209.26 2054.28 2380.23 
 385 2069.80 2083.90 2380.23 
 386 2200.58 2256.98 2380.23 
 387 2345.10 2465.56 2380.23 
 388 2148.39 2255.02 2380.23 
 389 2313.43 2007.79 2380.23 
 390 2292.20 1784.71 2380.23 
 391 2279.43 1990.36 2380.23 
 392 2201.34 1968.19 2380.23 
 393 2370.80 2035.51 2380.23 
 394 2243.29 2493.25 2380.23 
 395 2311.70 2738.59 2380.23 
 396 2192.35 2432.69 2380.23 
 397 2138.18 2679.10 2380.23 
 398 2358.48 2286.84 2380.23 
 399 2285.11 2419.84 2380.23 
 400 2299.74 2516.44 2380.23 
 401 2299.93 2605.64 2380.23 
 402 2414.88 2703.20 2380.23 
 403 2368.79 2662.67 2414.88 
 404 2290.71 2674.32 2414.88 
 405 2404.96 2521.23 2414.88 
 406 2461.28 2652.96 2414.88 
 407 2323.70 2663.87 2461.28 
 408 2602.46 2599.63 2461.28 
 409 2463.46 2678.29 2602.46 
 410 2475.40 2418.27 2602.46 
 411 2428.22 2544.02 2602.46 
 412 2532.23 2352.99 2602.46 
 413 2444.11 2466.81 2602.46 
 414 2522.06 2615.64 2602.46 
 415 2485.38 2642.82 2602.46 
 416 2611.03 2676.43 2602.46 
 417 2428.27 2613.73 2611.03 
 418 2486.66 2555.96 2611.03 
 419 2569.49 2464.93 2611.03 
 420 2431.05 2687.51 2611.03 
 421 2559.79 2505.11 2611.03 
 422 2439.72 2628.37 2611.03 
 423 2601.39 2421.39 2611.03 
 424 2716.89 2755.44 2611.03 
 425 2353.26 2686.48 2716.89 
 426 2648.27 2814.06 2716.89 
 427 2496.86 2809.38 2716.89 
 428 2479.96 2466.60 2716.89 
 429 2631.77 2646.19 2716.89 
 430 2508.21 2809.31 2716.89 
 431 2601.24 2575.43 2716.89 
 432 2695.21 2981.05 2716.89 
 433 2581.67 2724.98 2716.89 
 434 2553.10 2865.83 2716.89 
 435 2616.91 3112.80 2716.89 
 436 2657.30 3077.53 2716.89 
 437 2602.01 3159.46 2716.89 
 438 2636.80 2841.09 2716.89 
 439 2663.62 2788.82 2716.89 
 440 2584.67 2900.99 2716.89 
 441 2311.77 2867.81 2716.89 
 442 2737.83 2951.09 2716.89 
 443 2609.45 2710.98 2737.83 
 444 2555.65 2794.31 2737.83 
 445 2507.14 2950.67 2737.83 
 446 2711.45 2641.01 2737.83 
 447 2516.03 2653.25 2737.83 
 448 2668.70 2660.01 2737.83 
 449 2506.40 2596.10 2737.83 
 450 2756.48 2305.41 2737.83 
 451 2476.53 2727.28 2756.48 
 452 2701.95 2416.92 2756.48 
 453 2556.11 2731.59 2756.48 
 454 2445.86 2350.37 2756.48 
 455 2541.74 2354.52 2756.48 
 456 2589.91 2360.49 2756.48 
 457 2605.63 2456.50 2756.48 
 458 2551.21 2783.07 2756.48 
 459 2689.56 2727.64 2756.48 
 460 2651.39 2962.79 2756.48 
 461 2683.93 3094.33 2756.48 
 462 2782.57 2954.00 2756.48 
 463 2628.52 2481.85 2782.57 
 464 2650.87 2913.00 2782.57 
 465 2694.66 2961.32 2782.57 
 466 2773.82 2847.71 2782.57 
 467 2746.01 3061.80 2782.57 
 468 2743.02 3162.43 2782.57 
 469 2857.46 2881.17 2782.57 
 470 2676.48 3278.92 2857.46 
 471 2879.59 2999.47 2857.46 
 472 2959.11 3195.85 2879.59 
 473 2787.69 3214.22 2959.11 
 474 2834.00 3124.06 2959.11 
 475 2888.51 2700.50 2959.11 
 476 2903.69 2960.13 2959.11 
 477 2846.29 3167.51 2959.11 
 478 2758.06 3212.21 2959.11 
 479 2811.92 3101.90 2959.11 
 480 3118.48 3124.17 2959.11 
 481 2996.76 2955.91 3118.48 
 482 2685.65 3106.99 3118.48 
 483 2819.03 3177.76 3118.48 
 484 2860.90 3105.26 3118.48 
 485 2920.39 3085.68 3118.48 
 486 2987.60 3039.92 3118.48 
 487 2940.35 3036.48 3118.48 
 488 2828.53 3043.48 3118.48 
 489 2830.58 3197.14 3118.48 
 490 2820.60 3246.93 3118.48 
 491 2925.59 3300.73 3118.48 
 492 2893.01 3331.63 3118.48 
 493 2947.31 3338.89 3118.48 
 494 2809.66 3247.12 3118.48 
 495 3086.51 3298.98 3118.48 
 496 3016.25 3119.00 3118.48 
 497 2781.79 3267.98 3118.48 
 498 2940.37 3039.83 3118.48 
 499 2994.85 3218.62 3118.48 
 500 2786.30 3288.55 3118.48 
