Iter | Sampling Pol | Evaluation Pol | Best (Sampled) 
   0 -2.27 -4.65 -100000000.00 
   1 -2.95 -4.41 -2.27 
   2 -3.93 -4.15 -2.27 
   3 -2.69 -4.08 -2.27 
   4 -2.34 -3.87 -2.27 
   5 -0.75 -2.87 -2.27 
   6  3.19 -3.06 -0.75 
   7  2.84 -3.79  3.19 
   8  1.46 -3.38  3.19 
   9 -1.06 -2.79  3.19 
  10  1.82 -1.11  3.19 
  11  1.32 -0.54  3.19 
  12  3.90 -0.03  3.19 
  13  2.81 -0.16  3.90 
  14  1.45  2.15  3.90 
  15  5.23  3.23  3.90 
  16  5.84  7.84  5.23 
  17  1.65  5.25  5.84 
  18 10.48  3.63  5.84 
  19 26.30  8.99 10.48 
  20 11.54 10.33 26.30 
  21 19.57 14.84 26.30 
  22 31.82 15.33 26.30 
  23 13.38 21.03 31.82 
  24  9.61 19.12 31.82 
  25 15.49 26.30 31.82 
  26 18.48 32.43 31.82 
  27 28.15 42.42 31.82 
  28  8.90 29.68 31.82 
  29 19.35 27.61 31.82 
  30 18.69 35.64 31.82 
  31 31.79 35.22 31.82 
  32 28.63 42.94 31.82 
  33 39.24 49.60 31.82 
  34 37.75 49.33 39.24 
  35 33.53 58.28 39.24 
  36 38.06 74.88 39.24 
  37 39.62 59.25 39.24 
  38 42.40 43.51 39.62 
  39 31.61 45.28 42.40 
  40 31.22 64.44 42.40 
  41 53.29 47.88 42.40 
  42 65.29 74.61 53.29 
  43 56.51 70.83 65.29 
  44 81.76 78.28 65.29 
  45 75.06 96.95 81.76 
  46 80.76 141.17 81.76 
  47 96.20 208.58 81.76 
  48 71.03 128.51 96.20 
  49 96.67 82.80 96.20 
  50 116.34 93.36 96.67 
  51 112.67 125.98 116.34 
  52 140.32 186.74 116.34 
  53 111.08 274.88 140.32 
  54 164.06 245.29 140.32 
  55 169.56 253.55 164.06 
  56 188.94 376.51 169.56 
  57 212.24 118.85 188.94 
  58 203.07 222.90 212.24 
  59 230.76 178.95 212.24 
  60 232.14 188.10 230.76 
  61 249.90 314.47 232.14 
  62 239.20 435.56 249.90 
  63 324.57 525.82 249.90 
  64 344.68 518.12 324.57 
  65 338.16 524.09 344.68 
  66 385.96 446.02 344.68 
  67 380.65 501.36 385.96 
  68 461.07 673.05 385.96 
  69 408.95 674.02 461.07 
  70 402.47 824.59 461.07 
  71 437.25 797.64 461.07 
  72 652.10 885.02 461.07 
  73 467.47 862.90 652.10 
  74 616.99 908.85 652.10 
  75 641.05 905.52 652.10 
  76 693.77 855.51 652.10 
  77 720.79 1027.90 693.77 
  78 765.88 1039.20 720.79 
  79 864.03 836.58 765.88 
  80 906.05 962.36 864.03 
  81 852.55 1209.70 906.05 
  82 963.10 1315.06 906.05 
  83 1025.50 1412.90 963.10 
  84 1185.04 1132.66 1025.50 
  85 1103.46 957.07 1185.04 
  86 1186.39 1020.14 1185.04 
  87 1375.15 1193.86 1186.39 
  88 1403.48 1265.90 1375.15 
  89 1429.30 1638.19 1403.48 
  90 1428.58 1642.78 1429.30 
  91 1600.27 1610.32 1429.30 
  92 1687.87 1504.06 1600.27 
  93 1647.23 1543.05 1687.87 
  94 1661.58 1583.40 1687.87 
  95 1722.87 1604.42 1687.87 
  96 2004.27 1465.15 1722.87 
  97 1874.79 1346.94 2004.27 
  98 1876.08 1409.51 2004.27 
  99 1813.24 1378.87 2004.27 
  76 724.70 990.06 -100000000.00 
  77 625.31 1275.82 724.70 
  78 838.04 1091.43 724.70 
  79 775.17 1427.79 838.04 
  80 947.67 1493.48 838.04 
  81 1036.51 1486.61 947.67 
  82 999.22 1511.09 1036.51 
  83 1085.37 1718.96 1036.51 
  84 1058.82 1534.40 1085.37 
  85 1201.26 1572.66 1085.37 
  86 1242.90 1858.12 1201.26 
  87 1314.96 2005.07 1242.90 
  88 1346.63 1866.69 1314.96 
  89 1508.38 1878.13 1346.63 
  90 1529.52 2199.11 1508.38 
  91 1504.96 2320.84 1529.52 
  92 1556.36 2200.26 1529.52 
  93 1620.25 2364.39 1556.36 
  94 1734.67 2203.66 1620.25 
  95 1686.46 2451.87 1734.67 
  96 1735.12 2417.20 1734.67 
  97 1900.15 2300.36 1735.12 
  98 1951.69 2307.63 1900.15 
  99 2024.43 2328.90 1951.69 
 100 2093.13 2445.53 2024.43 
 101 2120.79 2426.86 2093.13 
 102 2177.39 2598.43 2120.79 
 103 2143.67 2455.42 2177.39 
 104 2212.45 2452.08 2177.39 
 105 2354.94 2363.60 2212.45 
 106 2478.70 2410.26 2354.94 
 107 2375.90 2305.47 2478.70 
 108 2571.73 2314.90 2478.70 
 109 2551.93 2468.32 2571.73 
 110 2712.57 2490.77 2571.73 
 111 2624.18 2290.25 2712.57 
 112 2584.42 2256.46 2712.57 
 113 2666.84 2306.54 2712.57 
 114 2811.06 2447.69 2712.57 
 115 2817.75 2722.11 2811.06 
 116 2797.91 2746.23 2817.75 
 117 2889.54 2448.57 2817.75 
 118 2858.55 2719.73 2889.54 
 119 2781.08 2751.59 2889.54 
 120 2958.64 2663.36 2889.54 
 121 2909.76 2750.54 2958.64 
 122 3061.99 2621.23 2958.64 
 123 2930.43 2547.28 3061.99 
 124 3038.44 2530.53 3061.99 
 125 3199.30 2317.42 3061.99 
 126 3069.19 2266.99 3199.30 
 127 2983.73 2515.60 3199.30 
 128 3281.70 2466.51 3199.30 
 129 3277.25 2064.43 3281.70 
 130 3223.42 2428.37 3281.70 
 131 3296.35 2763.26 3281.70 
 132 3290.14 2613.59 3296.35 
 133 3315.33 2751.68 3296.35 
 134 3447.41 3060.60 3315.33 
 135 3289.13 2614.07 3447.41 
 136 3469.52 2781.04 3447.41 
 137 3460.66 2653.93 3469.52 
 138 3435.74 2414.72 3469.52 
 139 3419.61 2297.21 3469.52 
 140 3463.98 2748.83 3469.52 
 141 3579.54 3108.38 3469.52 
 142 3439.57 2970.56 3579.54 
 143 3549.96 3390.61 3579.54 
 144 3422.27 3518.19 3579.54 
 145 3359.73 3400.10 3579.54 
 146 3545.05 3308.02 3579.54 
 147 3554.68 3096.23 3579.54 
 148 3560.81 3233.53 3579.54 
 149 3463.81 3400.80 3579.54 
 150 3560.28 3279.26 3579.54 
 151 3479.15 3254.83 3579.54 
 152 3601.28 3427.51 3579.54 
 153 3713.02 3384.65 3601.28 
 154 3738.96 3323.70 3713.02 
 155 3527.65 3491.05 3738.96 
 156 3476.72 3562.88 3738.96 
 157 3585.88 3201.16 3738.96 
 158 3646.66 3405.59 3738.96 
 159 3689.68 3493.22 3738.96 
 160 3640.00 3371.88 3738.96 
 161 3735.11 3557.65 3738.96 
 162 3666.45 3498.37 3738.96 
 163 3662.38 3518.15 3738.96 
 164 3786.35 3256.57 3738.96 
 165 3708.56 3320.24 3786.35 
 166 3714.81 3280.24 3786.35 
 167 3808.18 3543.48 3786.35 
 168 3772.65 3657.79 3808.18 
 169 3831.89 3664.11 3808.18 
 170 3749.94 3579.71 3831.89 
 171 3800.62 3738.74 3831.89 
 172 3742.62 3765.93 3831.89 
 173 3774.69 3736.12 3831.89 
 174 3841.72 3663.71 3831.89 
 175 3899.71 3546.55 3841.72 
 176 3813.68 3726.09 3899.71 
 177 3970.22 3474.05 3899.71 
 178 3895.35 3608.31 3970.22 
 179 3949.95 3715.17 3970.22 
 180 4059.61 3773.06 3970.22 
 181 3874.66 3821.57 4059.61 
 182 3959.34 3699.76 4059.61 
 183 4003.65 3893.32 4059.61 
 184 4026.66 3787.29 4059.61 
 185 4027.30 3821.77 4059.61 
 186 3968.33 3815.91 4059.61 
 187 4015.98 3808.76 4059.61 
 188 3918.46 3983.86 4059.61 
 189 3922.70 3996.26 4059.61 
 190 3995.54 3903.36 4059.61 
 191 4040.38 4055.25 4059.61 
 192 3945.20 4047.10 4059.61 
 193 4050.87 3947.35 4059.61 
 194 3954.55 3966.34 4059.61 
 195 4104.57 3875.51 4059.61 
 196 3951.00 3735.65 4104.57 
 197 4006.14 3887.40 4104.57 
 198 4075.98 3759.64 4104.57 
 199 4050.36 3737.24 4104.57 
 200 4038.98 3798.52 4104.57 
