Iter | Sampling Pol | Evaluation Pol | Best (Sampled) 
   0 -2.16 -4.08 -100000000.00 
   1 -0.86 -3.01 -2.16 
   2 -1.99 -3.29 -0.86 
   3  0.67 -1.67 -0.86 
   4 -0.94  0.19  0.67 
   5 -1.93  7.36  0.67 
   6 -2.16 15.08  0.67 
   7 -1.01 16.63  0.67 
   8 -0.69  6.88  0.67 
   9 -2.30  2.91  0.67 
  10 -1.20  6.09  0.67 
  11 -2.85 -2.62  0.67 
  12 -1.55  1.80  0.67 
  13 -1.36 -1.14  0.67 
  14 -0.51  1.05  0.67 
  15 -0.71  7.38  0.67 
  16 -2.36  5.74  0.67 
  17 -2.33  7.35  0.67 
  18 -2.25  3.24  0.67 
  19 -1.70 -0.92  0.67 
  20 -2.23 -1.09  0.67 
  21 -2.41 -0.91  0.67 
  22 -1.09 -0.10  0.67 
  23 -1.62  0.50  0.67 
  24 -2.85 -3.10  0.67 
  25 -0.97 -3.07  0.67 
  26  0.79 -3.07  0.67 
  27 -2.38 -3.02  0.79 
  28 -2.48 -3.03  0.79 
  29 -2.13 -2.98  0.79 
  30 -3.20 -2.98  0.79 
  31 -2.54 -2.88  0.79 
  32  0.32 -2.92  0.79 
  33 -2.99 -2.97  0.79 
  34 -2.53 -1.72  0.79 
  35 -1.00 -2.93  0.79 
  36 -3.17 -2.95  0.79 
  37 -3.55 -2.97  0.79 
  38 -1.59 -3.00  0.79 
  39 -3.12 -3.01  0.79 
  40 -1.84 -2.99  0.79 
  41 -2.00 -2.95  0.79 
  42 -2.83 -0.45  0.79 
  43 -1.98 -0.28  0.79 
  44 -2.88 -2.94  0.79 
  45 -0.28 -2.98  0.79 
  46 -2.15 -2.97  0.79 
  47 -2.29 -2.99  0.79 
  48 -3.20 -2.98  0.79 
  49 -2.31 -2.98  0.79 
  50 -3.28 -2.99  0.79 
  51 -2.17 -3.00  0.79 
  52 -3.03 -3.03  0.79 
  53 -3.14 -3.03  0.79 
  54 -2.03 -3.07  0.79 
  55 -2.76 -3.02  0.79 
  56 -2.93 -3.00  0.79 
  57 -2.07 -2.96  0.79 
  58 -2.39 -2.95  0.79 
  59 -2.89 -2.97  0.79 
  60 -2.76 -2.93  0.79 
  61 -2.88 -2.94  0.79 
  62 -3.22 -2.91  0.79 
  63 -2.36 -2.30  0.79 
  64 -2.20 -2.87  0.79 
  65 -2.24 -2.88  0.79 
  66 -1.95 -2.89  0.79 
  67 -2.49 -2.95  0.79 
  68 -0.27 -2.96  0.79 
  69 -2.98 -2.96  0.79 
  70 -2.70 -2.96  0.79 
  71 -2.38 -2.98  0.79 
  72 -3.45 -3.01  0.79 
  73 -3.72 -2.95  0.79 
  74 -3.31 -2.97  0.79 
  75 -3.43 -2.92  0.79 
  76 -3.16 -2.91  0.79 
  77 -3.23 -2.93  0.79 
  78 -2.07 -2.94  0.79 
  79 -1.38 -2.93  0.79 
  80 -2.35 -2.93  0.79 
  81 -1.93 -2.94  0.79 
  82 -2.88 -2.96  0.79 
  83 -2.95 -2.94  0.79 
  84 -2.82 -2.96  0.79 
  85 -2.83 -2.96  0.79 
  86 -2.65 -2.95  0.79 
  87 -2.89 -2.95  0.79 
  88 -3.41 -2.94  0.79 
  89 -2.09 -2.92  0.79 
  90 -3.23 -2.94  0.79 
  91 -2.76 -2.95  0.79 
  92 -3.18 -2.90  0.79 
  93 -2.57 -2.91  0.79 
  94 -3.01 -2.92  0.79 
  95 -3.51 -2.91  0.79 
  96 -2.66 -2.95  0.79 
  97 -2.98 -2.95  0.79 
  98 -3.53 -2.97  0.79 
  99 -3.18 -2.96  0.79 
 100 -3.06 -2.95  0.79 
 101 -0.47 -2.94  0.79 
 102 -2.40 -2.96  0.79 
 103 -2.25 -2.96  0.79 
 104 -3.26 -2.98  0.79 
 105 -3.03 -2.96  0.79 
 106 -3.25 -2.95  0.79 
 107 -3.58 -2.95  0.79 
 108 -2.95 -2.97  0.79 
 109 -3.38 -2.97  0.79 
 110 -2.69 -2.95  0.79 
 111 -3.28 -2.96  0.79 
 112 -3.39 -2.97  0.79 
 113 -2.75 -2.98  0.79 
 114 -3.66 -3.01  0.79 
 115 -2.96 -2.98  0.79 
 116 -2.54 -2.97  0.79 
 117 -2.99 -2.96  0.79 
 118 -3.22 -2.95  0.79 
 119 -3.06 -2.96  0.79 
 120 -3.00 -2.97  0.79 
 121 -0.47 -2.99  0.79 
 122 -3.16 -2.99  0.79 
 123 -3.12 -3.00  0.79 
 124 -2.78 -3.04  0.79 
 125 -2.77 -3.08  0.79 
 126 -3.66 -3.08  0.79 
 127 -3.00 -3.06  0.79 
 128 -3.02 -3.06  0.79 
 129 -1.40 -3.06  0.79 
 130 -3.08 -3.05  0.79 
 131 -1.89 -3.06  0.79 
 132 -3.60 -3.05  0.79 
 133 -3.40 -3.08  0.79 
 134 -0.47 -3.07  0.79 
 135 -2.76 -3.06  0.79 
 136 -3.25 -3.06  0.79 
 137 -3.86 -3.08  0.79 
 138 -2.28 -3.08  0.79 
 139 -3.34 -3.10  0.79 
 140 -2.60 -3.09  0.79 
 141 -3.44 -3.08  0.79 
 142 -3.24 -3.09  0.79 
 143 -3.59 -3.09  0.79 
 144 -3.64 -3.10  0.79 
 145 -3.34 -3.12  0.79 
 146 -3.35 -3.13  0.79 
 147 -3.44 -3.11  0.79 
 148 -3.47 -3.10  0.79 
 149 -2.40 -3.10  0.79 
 150 -3.15 -3.08  0.79 
 151 -3.20 -3.09  0.79 
 152 -3.56 -3.09  0.79 
 153 -3.01 -3.10  0.79 
 154 -3.36 -3.11  0.79 
 155 -3.98 -3.10  0.79 
 156 -2.86 -3.09  0.79 
 157 -3.29 -3.07  0.79 
 158 -3.12 -3.07  0.79 
 159 -3.24 -3.10  0.79 
 160 -3.71 -3.10  0.79 
 161 -3.77 -3.13  0.79 
 162 -3.45 -3.13  0.79 
 163 -3.28 -3.13  0.79 
 164 -3.39 -3.12  0.79 
 165 -3.47 -3.12  0.79 
 166 -3.35 -3.11  0.79 
 167 -3.55 -3.13  0.79 
 168 -0.80 -3.13  0.79 
 169 -3.10 -3.15  0.79 
 170 -2.98 -3.13  0.79 
 171 -3.86 -3.12  0.79 
 172 -0.40 -3.13  0.79 
 173 -3.96 -3.15  0.79 
 174 -3.44 -3.16  0.79 
 175 -3.84 -3.16  0.79 
 176 -3.30 -3.15  0.79 
 177 -3.84 -3.18  0.79 
 178 -3.74 -3.16  0.79 
 179  1.95 -3.15  0.79 
 180 -3.21 -3.14  1.95 
 181 -3.83 -3.14  1.95 
 182 -3.65 -3.13  1.95 
 183 -3.71 -3.14  1.95 
 184 -3.68 -3.16  1.95 
 185 -3.84 -3.15  1.95 
 186 -3.49 -3.16  1.95 
 187 -0.59 -3.14  1.95 
 188 -3.76 -3.16  1.95 
 189 -3.09 -3.17  1.95 
 190 -3.63 -3.16  1.95 
 191 -3.85 -3.16  1.95 
 192 -3.38 -3.18  1.95 
 193 -3.65 -3.21  1.95 
 194 -3.66 -3.21  1.95 
 195 -4.01 -3.20  1.95 
 196 -3.66 -3.19  1.95 
 197 -3.83 -3.17  1.95 
 198 -3.50 -3.18  1.95 
 199 -3.81 -3.18  1.95 
 200 -3.64 -3.19  1.95 
 201 -3.43 -3.18  1.95 
 202 -3.79 -3.18  1.95 
 203 -3.74 -3.17  1.95 
 204 -3.73 -3.17  1.95 
 205 -3.42 -3.19  1.95 
 206 -3.66 -3.21  1.95 
 207 -3.47 -3.20  1.95 
 208 -3.87 -3.21  1.95 
 209 -3.82 -3.23  1.95 
 210 -3.71 -3.24  1.95 
 211 -3.32 -3.23  1.95 
 212 -3.31 -3.25  1.95 
 213 -3.86 -3.24  1.95 
 214 -3.63 -3.25  1.95 
 215 -3.21 -3.26  1.95 
 216 -2.98 -3.25  1.95 
 217 -3.67 -3.27  1.95 
 218 -3.57 -3.25  1.95 
 219 -3.60 -3.25  1.95 
 220 -3.91 -3.25  1.95 
 221 -2.51 -3.24  1.95 
 222 -3.69 -3.22  1.95 
 223 -3.40 -3.24  1.95 
 224 -3.41 -3.25  1.95 
 225 -3.68 -3.26  1.95 
 226 -3.28 -3.26  1.95 
 227 -4.12 -3.25  1.95 
 228 -3.77 -3.25  1.95 
 229 -3.76 -3.27  1.95 
 230 -3.44 -3.23  1.95 
 231 -3.69 -3.24  1.95 
 232 -3.30 -3.23  1.95 
 233 -3.57 -3.24  1.95 
 234 -3.52 -3.22  1.95 
 235 -3.16 -3.21  1.95 
 236 -3.71 -3.21  1.95 
 237 -3.53 -3.21  1.95 
 238 -3.52 -3.21  1.95 
 239 -3.73 -3.20  1.95 
 240 -3.80 -3.19  1.95 
 241 -3.15 -3.19  1.95 
 242 -2.66 -3.19  1.95 
 243 -3.56 -3.18  1.95 
 244 -3.12 -3.18  1.95 
 245 -2.69 -3.17  1.95 
 246 -3.73 -3.18  1.95 
 247 -3.84 -3.18  1.95 
 248 -3.51 -3.16  1.95 
 249 -3.97 -3.15  1.95 
 250 -3.37 -3.15  1.95 
 251 -3.61 -3.15  1.95 
 252 -2.97 -3.14  1.95 
 253 -3.55 -3.15  1.95 
 254 -3.29 -3.15  1.95 
 255 -3.31 -3.15  1.95 
 256 -3.87 -3.15  1.95 
 257 -3.88 -3.14  1.95 
 258 -3.98 -3.16  1.95 
 259 -3.77 -3.15  1.95 
 260 -4.03 -3.15  1.95 
 261 -3.20 -3.15  1.95 
 262 -3.95 -3.14  1.95 
 263 -3.77 -3.15  1.95 
 264 -3.49 -3.16  1.95 
 265 -3.77 -3.15  1.95 
