Iter | Sampling Pol | Evaluation Pol | Best (Sampled) 
   0 -2.19 -4.56 -100000000.00 
   1 -3.58 -4.33 -2.19 
   2 -3.11 -4.01 -2.19 
   3 -1.54 -3.88 -2.19 
   4 -2.08 -3.60 -1.54 
   5 -0.80 -3.47 -1.54 
   6 -1.16 -0.96 -0.80 
   7 -1.63 -2.26 -0.80 
   8  0.71 -1.83 -0.80 
   9 -1.00  0.47  0.71 
  10  0.49 -3.50  0.71 
  11  3.12 -3.03  0.71 
  12 -0.66 -2.37  3.12 
  13 -1.61 -3.52  3.12 
  14  0.73 -3.41  3.12 
  15 -1.19 -1.11  3.12 
  16 -0.89 -3.54  3.12 
  17  1.98 -0.67  3.12 
  18  2.16 -3.19  3.12 
  19  0.27 -3.48  3.12 
  20  2.79 -3.20  3.12 
  21  3.42 -2.49  3.12 
  22  3.86 -3.70  3.42 
  23  3.41 -3.62  3.86 
  24  0.58 -2.08  3.86 
  25  2.77 -1.88  3.86 
  26  1.34 -1.81  3.86 
  27  2.63  0.17  3.86 
  28  0.50 -0.01  3.86 
  29  4.18  0.99  3.86 
  30  2.91  0.18  4.18 
  31  3.33  2.90  4.18 
  32  7.77  1.49  4.18 
  33  1.60 -0.13  7.77 
  34  2.35  1.57  7.77 
  35  1.80  2.74  7.77 
  36  3.50  7.39  7.77 
  37  4.75  2.08  7.77 
  38  5.16 10.46  7.77 
  39  5.79 12.07  7.77 
  40 11.91  3.21  7.77 
  41  5.26 22.76 11.91 
  42  2.44 19.50 11.91 
  43  8.14 14.62 11.91 
  44  6.28 -3.12 11.91 
  45  3.87 -2.44 11.91 
  46  7.20  1.39 11.91 
  47  9.11 -3.10 11.91 
  48  9.99 -0.93 11.91 
  49  9.11 -2.51 11.91 
  50  6.79 -2.12 11.91 
  51  4.29 -3.04 11.91 
  52  7.53 -1.72 11.91 
  53  4.36 -1.52 11.91 
  54  3.73 -2.22 11.91 
  55  6.43 -2.16 11.91 
  56  9.91 -2.21 11.91 
  57  5.67 -2.16 11.91 
  58  3.68 -2.95 11.91 
  59  3.24 -3.06 11.91 
  60  2.04 -3.07 11.91 
  61  1.33 -1.40 11.91 
  62  3.41 -2.99 11.91 
  63  2.58 -0.08 11.91 
  64  5.72 -2.53 11.91 
  65  2.85 -3.02 11.91 
  66  2.14 -3.02 11.91 
  67  4.14 -3.03 11.91 
  68  3.18 -2.14 11.91 
  69 -0.28 -3.02 11.91 
  70  3.11 -3.05 11.91 
  71  0.69 -1.82 11.91 
  72  3.48 -3.06 11.91 
  73  2.94 -3.08 11.91 
  74  0.86 -3.08 11.91 
  75  4.08 -3.15 11.91 
  76  1.10 -3.15 11.91 
  77  2.77 -3.18 11.91 
  78  1.04 -3.18 11.91 
  79 -0.16 -3.17 11.91 
  80  2.26 -3.17 11.91 
  81 -1.77 -3.16 11.91 
  82  1.69 -3.13 11.91 
  83 -0.75 -3.12 11.91 
  84  0.29 -3.15 11.91 
  85 -0.29 -3.13 11.91 
  86  1.71 -3.13 11.91 
  87  0.63 -3.14 11.91 
  88 -0.40 -3.14 11.91 
  89 -0.06 -3.15 11.91 
  90  1.75 -3.16 11.91 
  91 -0.22 -3.13 11.91 
  92  1.83 -3.17 11.91 
  93  1.24 -3.18 11.91 
  94  1.22 -3.17 11.91 
  95 -0.65 -3.18 11.91 
  96  1.32 -3.21 11.91 
  97  1.68 -3.22 11.91 
  98  1.42 -3.24 11.91 
  99  0.02 -3.23 11.91 
 100  0.16 -3.23 11.91 
 101  2.85 -3.25 11.91 
 102  1.04 -3.26 11.91 
 103 -2.28 -3.23 11.91 
 104 -0.40 -3.22 11.91 
 105  1.29 -3.23 11.91 
 106 -1.36 -3.24 11.91 
 107  0.31 -3.24 11.91 
 108  1.65 -3.26 11.91 
 109  2.47 -3.27 11.91 
 110 -1.44 -3.26 11.91 
 111  1.91 -3.24 11.91 
 112  0.50 -3.24 11.91 
 113 -1.89 -3.24 11.91 
 114 -0.49 -3.23 11.91 
 115 -0.58 -3.21 11.91 
 116 -0.00 -3.21 11.91 
 117 -1.18 -3.23 11.91 
 118  0.67 -3.22 11.91 
 119  0.73 -3.24 11.91 
 120  1.96 -3.22 11.91 
 121  1.97 -3.22 11.91 
 122  1.32 -3.23 11.91 
 123  0.78 -3.23 11.91 
 124  0.75 -3.24 11.91 
 125  1.44 -3.23 11.91 
 126  1.22 -3.21 11.91 
 127 -0.06 -3.23 11.91 
 128  2.69 -3.23 11.91 
 129  0.45 -3.24 11.91 
 130 -0.64 -3.24 11.91 
 131  0.49 -3.25 11.91 
 132  5.72 -3.23 11.91 
 133  0.58 -3.22 11.91 
 134  1.06 -3.22 11.91 
 135  1.89 -3.23 11.91 
 136 -0.64 -3.23 11.91 
 137  2.71 -3.23 11.91 
 138  0.42 -3.22 11.91 
 139  1.91 -3.21 11.91 
 140 -1.58 -3.24 11.91 
 141 -1.56 -3.24 11.91 
 142 -0.96 -3.24 11.91 
 143 -1.81 -3.23 11.91 
 144 -2.51 -3.24 11.91 
 145  1.05 -3.23 11.91 
 146 -2.49 -3.24 11.91 
 147 -2.87 -3.25 11.91 
 148 -0.65 -3.25 11.91 
 149 -0.12 -3.24 11.91 
 150 -2.25 -3.25 11.91 
 151 -1.33 -3.25 11.91 
 152  0.05 -3.25 11.91 
 153 -1.65 -3.25 11.91 
 154 -1.75 -3.24 11.91 
 155 -1.54 -3.25 11.91 
 156 -1.04 -3.25 11.91 
 157 -0.76 -3.25 11.91 
 158 -1.13 -3.25 11.91 
 159 -1.27 -3.24 11.91 
 160  2.48 -3.24 11.91 
 161 -1.80 -3.23 11.91 
 162 -1.30 -3.24 11.91 
 163 -0.34 -3.25 11.91 
 164 -1.83 -3.24 11.91 
 165 -0.41 -3.24 11.91 
 166 -0.06 -3.24 11.91 
 167  4.36 -3.24 11.91 
 168 -2.42 -3.24 11.91 
 169 -1.36 -3.25 11.91 
 170 -1.87 -3.26 11.91 
 171  0.46 -3.26 11.91 
 172 -0.67 -3.26 11.91 
 173 -2.17 -3.26 11.91 
 174  0.88 -3.25 11.91 
 175 -0.93 -3.25 11.91 
 176 -0.36 -3.25 11.91 
 177  0.01 -3.26 11.91 
 178  1.25 -3.25 11.91 
 179 -0.05 -3.26 11.91 
 180  1.00 -3.25 11.91 
 181  1.02 -3.26 11.91 
 182  0.34 -3.27 11.91 
 183 -1.73 -3.26 11.91 
 184 -1.63 -3.25 11.91 
 185 -0.82 -3.25 11.91 
 186 -0.03 -3.25 11.91 
 187  2.06 -3.25 11.91 
 188  1.24 -3.26 11.91 
 189  2.03 -3.26 11.91 
 190 -0.73 -3.26 11.91 
 191 -0.36 -3.26 11.91 
 192 -1.30 -3.25 11.91 
 193 -0.22 -3.26 11.91 
 194 -0.37 -3.26 11.91 
 195 -1.06 -3.26 11.91 
 196 -1.28 -3.26 11.91 
 197 -1.22 -3.25 11.91 
 198 -0.74 -3.25 11.91 
 199 -1.17 -3.24 11.91 
 200 -0.82 -3.25 11.91 
 201 -1.09 -3.25 11.91 
 202 -1.39 -3.26 11.91 
 203 -0.94 -3.26 11.91 
 204  1.61 -3.27 11.91 
 205 -1.16 -3.27 11.91 
 206  0.87 -3.26 11.91 
 207  0.17 -3.26 11.91 
 208 -1.48 -3.27 11.91 
 209 -1.52 -3.27 11.91 
 210 -1.88 -3.26 11.91 
 211  0.50 -3.27 11.91 
 212 -0.63 -3.27 11.91 
 213  1.29 -3.28 11.91 
 214 -0.79 -3.26 11.91 
 215 -0.08 -3.26 11.91 
 216 -0.79 -3.26 11.91 
 217 -0.44 -3.27 11.91 
 218 -0.28 -3.27 11.91 
 219  0.35 -3.25 11.91 
 220  1.21 -3.27 11.91 
 221  0.30 -3.28 11.91 
 222  1.28 -3.29 11.91 
 223 -1.27 -3.30 11.91 
 224 -0.67 -3.30 11.91 
 225 -0.71 -3.30 11.91 
 226 -2.06 -3.30 11.91 
 227 -1.13 -3.30 11.91 
 228 -0.48 -3.30 11.91 
 229 -0.56 -3.30 11.91 
 230 -1.23 -3.31 11.91 
 231 -0.28 -3.31 11.91 
 232  0.51 -3.30 11.91 
 233 -0.57 -3.30 11.91 
 234 -0.43 -3.30 11.91 
 235 -0.70 -3.30 11.91 
 236 -1.93 -3.30 11.91 
 237 -1.47 -3.30 11.91 
 238 -1.98 -3.29 11.91 
 239 -1.79 -3.29 11.91 
 240 -2.77 -3.29 11.91 
 241 -1.52 -3.29 11.91 
 242  0.18 -3.28 11.91 
 243 -1.51 -3.29 11.91 
 244  0.94 -3.32 11.91 
 245 -0.85 -3.30 11.91 
 246  0.06 -3.29 11.91 
 247 -1.05 -3.29 11.91 
 248 -0.83 -3.30 11.91 
 249 -1.55 -3.30 11.91 
 250  0.31 -3.30 11.91 
 251 -0.47 -3.29 11.91 
 252 -0.08 -3.29 11.91 
 253  0.19 -3.30 11.91 
 254 -0.31 -3.29 11.91 
 255 -0.23 -3.29 11.91 
 256 -1.28 -3.29 11.91 
 257 -0.56 -3.30 11.91 
 258  0.03 -3.30 11.91 
 259  1.17 -3.30 11.91 
 260 -0.71 -3.30 11.91 
 261 -0.66 -3.29 11.91 
 262 -0.53 -3.28 11.91 
 263 -1.37 -3.29 11.91 
 264  0.51 -3.30 11.91 
 265 -1.74 -3.29 11.91 
 266 -1.88 -3.29 11.91 
 267 -1.48 -3.29 11.91 
 268 -1.04 -3.30 11.91 
 269 -0.11 -3.31 11.91 
 270 -0.99 -3.31 11.91 
 271 -2.46 -3.31 11.91 
 272 -0.98 -3.31 11.91 
 273 -0.35 -3.31 11.91 
 274 -1.50 -3.32 11.91 
 275 -0.61 -3.32 11.91 
 276  2.62 -3.31 11.91 
 277  0.94 -3.30 11.91 
 278 -1.09 -3.30 11.91 
 279 -1.41 -3.30 11.91 
 280 -1.24 -3.29 11.91 
 281 -1.13 -3.30 11.91 
 282 -1.94 -3.30 11.91 
 283 -1.63 -3.30 11.91 
 284 -1.99 -3.30 11.91 
 285 -0.70 -3.30 11.91 
 286 -0.31 -3.31 11.91 
 287 -1.20 -3.31 11.91 
 288 -1.45 -3.31 11.91 
 289 -1.04 -3.30 11.91 
 290 -0.86 -3.30 11.91 
 291 -1.39 -3.32 11.91 
 292 -0.21 -3.32 11.91 
 293 -0.48 -3.32 11.91 
 294  0.22 -3.33 11.91 
 295 -1.22 -3.31 11.91 
 296 -0.26 -3.32 11.91 
 297 -0.71 -3.32 11.91 
 298 -0.71 -3.32 11.91 
 299 -2.54 -3.34 11.91 
 300 -2.89 -3.32 11.91 
 301 -0.44 -3.32 11.91 
 302 -2.15 -3.32 11.91 
 303 -1.02 -3.32 11.91 
 304 -1.32 -3.31 11.91 
 305 -1.59 -3.32 11.91 
 306 -1.51 -3.32 11.91 
 307 -1.51 -3.32 11.91 
 308 -0.53 -3.32 11.91 
 309 -1.33 -3.32 11.91 
 310 -2.74 -3.33 11.91 
 311  0.70 -3.33 11.91 
 312 -0.68 -3.35 11.91 
 313 -0.10 -3.34 11.91 
 314 -1.51 -3.34 11.91 
 315 -1.84 -3.33 11.91 
 316 -1.89 -3.33 11.91 
 317 -2.66 -3.34 11.91 
 318 -0.06 -3.34 11.91 
 319 -0.19 -3.34 11.91 
 320 -1.51 -3.34 11.91 
 321 -0.84 -3.34 11.91 
 322 -2.24 -3.34 11.91 
 323 -1.23 -3.35 11.91 
 324 -0.66 -3.35 11.91 
 325 -1.64 -3.34 11.91 
 326 -2.48 -3.35 11.91 
 327  0.19 -3.34 11.91 
 328 -1.82 -3.34 11.91 
 329 -1.18 -3.35 11.91 
 330  0.09 -3.34 11.91 
 331 -1.61 -3.33 11.91 
 332  0.09 -3.33 11.91 
 333 -1.56 -3.34 11.91 
 334  0.49 -3.33 11.91 
 335 -0.76 -3.32 11.91 
 336 -0.95 -3.32 11.91 
 337 -0.91 -3.32 11.91 
 338 -1.24 -3.34 11.91 
 339 -0.20 -3.34 11.91 
 340 -2.32 -3.34 11.91 
 341 -1.70 -3.33 11.91 
 342  1.12 -3.34 11.91 
 343 -1.14 -3.34 11.91 
 344 -1.46 -3.34 11.91 
 345  1.58 -3.34 11.91 
 346 -1.09 -3.34 11.91 
 347 -1.59 -3.33 11.91 
 348 -0.09 -3.33 11.91 
 349  0.11 -3.32 11.91 
 350 -1.68 -3.31 11.91 
 351  0.13 -3.31 11.91 
 352  0.12 -3.31 11.91 
 353 -1.48 -3.30 11.91 
 354  0.19 -3.31 11.91 
 355 -0.75 -3.32 11.91 
 356 -0.46 -3.32 11.91 
 357 -0.14 -3.32 11.91 
 358 -1.09 -3.31 11.91 
 359 -2.35 -3.33 11.91 
 360  0.31 -3.32 11.91 
 361 -2.63 -3.32 11.91 
 362 -1.41 -3.32 11.91 
 363 -0.52 -3.32 11.91 
 364 -1.92 -3.32 11.91 
 365 -1.15 -3.31 11.91 
 366 -1.91 -3.31 11.91 
 367  0.92 -3.31 11.91 
 368 -0.02 -3.32 11.91 
 369  0.05 -3.32 11.91 
 370 -1.36 -3.32 11.91 
 371 -1.20 -3.32 11.91 
 372 -1.73 -3.33 11.91 
 373 -1.21 -3.33 11.91 
 374 -0.10 -3.33 11.91 
 375  2.50 -3.34 11.91 
 376 -1.32 -3.34 11.91 
 377 -0.94 -3.32 11.91 
 378 -1.86 -3.33 11.91 
 379 -0.83 -3.33 11.91 
 380  0.16 -3.33 11.91 
 381 -0.59 -3.32 11.91 
 382 -1.99 -3.32 11.91 
 383 -1.31 -3.31 11.91 
 384  0.23 -3.34 11.91 
 385 -0.15 -3.35 11.91 
 386 -1.33 -3.31 11.91 
 387 -0.92 -3.31 11.91 
 388 -1.24 -3.32 11.91 
 389 -0.57 -3.31 11.91 
 390 -0.55 -3.32 11.91 
 391 -0.20 -3.33 11.91 
 392  1.25 -3.32 11.91 
 393 -0.85 -3.30 11.91 
 394  0.32 -3.32 11.91 
 395 -0.76 -3.34 11.91 
 396 -1.14 -3.33 11.91 
 397 -0.27 -3.34 11.91 
 398 -2.03 -3.31 11.91 
 399 -1.04 -3.34 11.91 
 400  0.29 -3.33 11.91 
 401 -1.42 -3.35 11.91 
 402 -0.61 -3.32 11.91 
 403  0.13 -3.34 11.91 
 404 -1.17 -3.35 11.91 
 405 -0.43 -3.34 11.91 
 406 -1.22 -3.32 11.91 
 407  1.26 -3.32 11.91 
 408 -0.74 -3.34 11.91 
 409  2.00 -3.33 11.91 
 410 -1.14 -3.34 11.91 
 411 -1.66 -3.33 11.91 
 412 -1.22 -3.33 11.91 
 413 -0.36 -3.37 11.91 
 414 -0.23 -3.35 11.91 
 415 -0.35 -3.36 11.91 
 416 -1.12 -3.37 11.91 
 417 -0.69 -3.37 11.91 
 418  0.44 -3.37 11.91 
 419 -1.60 -3.32 11.91 
 420 -0.31 -3.34 11.91 
 421 -1.16 -3.31 11.91 
 422 -2.58 -3.37 11.91 
 423 -1.55 -3.36 11.91 
 424  0.73 -3.36 11.91 
 425 -0.08 -3.35 11.91 
 426 -1.84 -3.32 11.91 
 427 -0.12 -3.34 11.91 
 428 -0.54 -3.34 11.91 
 429 -0.28 -3.34 11.91 
 430 -1.56 -3.34 11.91 
 431 -1.82 -3.35 11.91 
 432  0.83 -3.33 11.91 
 433  0.48 -3.34 11.91 
 434 -0.32 -3.34 11.91 
 435 -0.35 -3.33 11.91 
 436 -1.38 -3.33 11.91 
 437 -1.59 -3.38 11.91 
 438  5.51 -3.35 11.91 
 439 -1.73 -3.34 11.91 
 440 -2.60 -3.38 11.91 
 441 -0.68 -3.38 11.91 
 442  0.16 -3.34 11.91 
 443 -0.75 -3.33 11.91 
 444 -2.07 -3.33 11.91 
 445  0.42 -3.33 11.91 
 446 -1.78 -3.33 11.91 
 447 -0.51 -3.33 11.91 
 448 -1.24 -3.32 11.91 
 449  0.61 -3.33 11.91 
 450 -1.35 -3.33 11.91 
 451  0.13 -3.33 11.91 
 452 -1.41 -3.33 11.91 
 453  0.07 -3.33 11.91 
 454 -0.61 -3.32 11.91 
 455  1.66 -3.32 11.91 
 456 -1.04 -3.32 11.91 
 457 -0.76 -3.31 11.91 
 458 -0.61 -3.32 11.91 
 459 -0.77 -3.32 11.91 
 460 -1.25 -3.33 11.91 
 461 -0.60 -3.33 11.91 
 462 -0.02 -3.33 11.91 
 463 -0.72 -3.32 11.91 
 464 -1.95 -3.32 11.91 
 465 -0.64 -3.33 11.91 
 466 -1.57 -3.33 11.91 
 467 -1.57 -3.32 11.91 
 468 -1.70 -3.31 11.91 
 469 -0.51 -3.32 11.91 
 470 -1.80 -3.35 11.91 
 471 -1.05 -3.33 11.91 
 472 -0.67 -3.34 11.91 
 473 -2.23 -3.32 11.91 
 474 -2.59 -3.33 11.91 
 475 -1.26 -3.34 11.91 
 476  0.86 -3.35 11.91 
 477 -3.50 -3.34 11.91 
 478 -0.23 -3.34 11.91 
 479 -2.74 -3.35 11.91 
 480 -2.91 -3.36 11.91 
 481 -1.21 -3.35 11.91 
 482 -1.34 -3.36 11.91 
 483 -3.60 -3.36 11.91 
 484 -3.37 -3.35 11.91 
 485 -2.54 -3.36 11.91 
 486 -3.20 -3.36 11.91 
 487 -2.48 -3.36 11.91 
 488 -3.24 -3.38 11.91 
 489 -3.19 -3.39 11.91 
 490 -2.87 -3.38 11.91 
 491 -3.33 -3.38 11.91 
 492 -2.52 -3.39 11.91 
 493 -2.50 -3.39 11.91 
 494 -1.62 -3.39 11.91 
 495 -2.55 -3.39 11.91 
 496 -2.54 -3.39 11.91 
 497 -0.86 -3.39 11.91 
 498 -2.44 -3.38 11.91 
 499 -2.49 -3.39 11.91 
 500 -3.94 -3.38 11.91 
 501 -1.70 -3.38 11.91 
 502 -2.49 -3.38 11.91 
 503 -2.33 -3.38 11.91 
 504 -3.51 -3.38 11.91 
 505 -1.51 -3.38 11.91 
 506 -2.21 -3.39 11.91 
 507 -2.74 -3.40 11.91 
 508 -2.84 -3.40 11.91 
 509 -2.05 -3.41 11.91 
 510  1.39 -3.41 11.91 
 511 -3.02 -3.41 11.91 
 512 -1.23 -3.40 11.91 
 513 -2.18 -3.40 11.91 
 514 -0.94 -3.40 11.91 
 515 -2.77 -3.40 11.91 
 516 -2.33 -3.41 11.91 
 517 -1.85 -3.40 11.91 
 518 -2.24 -3.40 11.91 
 519 -2.62 -3.41 11.91 
 520 -2.26 -3.41 11.91 
 521 -1.24 -3.41 11.91 
 522 -1.44 -3.40 11.91 
 523 -2.27 -3.39 11.91 
 524 -2.30 -3.40 11.91 
 525 -0.88 -3.41 11.91 
 526 -1.90 -3.40 11.91 
 527 -1.64 -3.40 11.91 
 528 -1.56 -3.40 11.91 
 529 -2.46 -3.40 11.91 
 530 -2.18 -3.39 11.91 
 531 -2.19 -3.39 11.91 
 532 -1.94 -3.39 11.91 
 533 -1.93 -3.39 11.91 
 534 -1.62 -3.39 11.91 
 535 -0.51 -3.39 11.91 
 536 -0.04 -3.39 11.91 
 537 -2.67 -3.38 11.91 
 538 -2.52 -3.38 11.91 
 539 -2.42 -3.39 11.91 
 540 -2.76 -3.38 11.91 
 541  0.12 -3.39 11.91 
 542 -1.90 -3.39 11.91 
 543 -2.56 -3.41 11.91 
 544 -2.39 -3.39 11.91 
 545 -1.58 -3.40 11.91 
 546 -2.09 -3.41 11.91 
 547 -2.45 -3.41 11.91 
 548 -1.56 -3.41 11.91 
 549 -1.69 -3.41 11.91 
 550 -1.61 -3.42 11.91 
 551 -1.88 -3.42 11.91 
 552 -1.27 -3.45 11.91 
 553  3.93 -3.48 11.91 
 554 -1.99 -3.47 11.91 
 555 -1.75 -3.47 11.91 
 556 -2.50 -3.42 11.91 
 557 -1.16 -3.42 11.91 
 558 -2.23 -3.42 11.91 
 559 -1.18 -3.42 11.91 
 560 -2.15 -3.44 11.91 
 561 -2.43 -3.44 11.91 
 562 -1.64 -3.43 11.91 
 563 -1.98 -3.49 11.91 
 564 -1.42 -3.43 11.91 
 565 -1.49 -3.42 11.91 
 566 -3.08 -3.44 11.91 
 567 -0.77 -3.45 11.91 
 568  1.52 -3.45 11.91 
 569  1.61 -3.46 11.91 
 570 -0.74 -3.43 11.91 
 571 -0.83 -3.44 11.91 
 572 -3.34 -3.45 11.91 
 573 -1.23 -3.44 11.91 
 574 -2.18 -3.46 11.91 
 575 -2.95 -3.45 11.91 
 576 -0.58 -3.45 11.91 
 577 -2.03 -3.45 11.91 
 578 -1.96 -3.46 11.91 
 579  0.79 -3.45 11.91 
 580 -1.31 -3.46 11.91 
 581 -2.04 -3.47 11.91 
 582 -0.94 -3.47 11.91 
 583  1.75 -3.45 11.91 
 584 -2.53 -3.45 11.91 
 585 -1.00 -3.46 11.91 
 586  0.48 -3.45 11.91 
 587 -0.57 -3.47 11.91 
 588  1.24 -3.47 11.91 
 589  2.08 -3.46 11.91 
 590 -1.20 -3.47 11.91 
 591  2.17 -3.50 11.91 
 592 -0.90 -3.47 11.91 
 593 -1.82 -3.49 11.91 
 594  0.23 -3.47 11.91 
 595 -2.23 -3.47 11.91 
 596 -1.24 -3.48 11.91 
 597  0.70 -3.46 11.91 
 598 -0.92 -3.47 11.91 
 599 -0.14 -3.48 11.91 
 600 -1.12 -3.48 11.91 
 601 -0.90 -3.48 11.91 
 602 -1.39 -3.46 11.91 
 603 -2.22 -3.44 11.91 
 604 -1.28 -3.46 11.91 
 605 -0.50 -3.47 11.91 
 606  0.42 -3.49 11.91 
 607  0.96 -3.46 11.91 
 608  0.95 -3.48 11.91 
 609 -0.03 -3.46 11.91 
 610  2.92 -3.49 11.91 
 611  0.48 -3.47 11.91 
 612 -0.68 -3.45 11.91 
 613  0.00 -3.46 11.91 
 614 -0.04 -3.46 11.91 
 615  1.24 -3.46 11.91 
 616  3.56 -3.46 11.91 
 617 -1.26 -3.48 11.91 
 618 -2.10 -3.45 11.91 
 619  0.22 -3.47 11.91 
 620  0.14 -3.45 11.91 
 621  2.45 -3.44 11.91 
 622  1.71 -3.44 11.91 
 623 -0.71 -3.47 11.91 
 624  0.63 -3.47 11.91 
 625 -0.95 -3.44 11.91 
 626  0.88 -3.44 11.91 
 627  0.79 -3.43 11.91 
 628 -0.29 -3.44 11.91 
 629 -1.17 -3.45 11.91 
 630  1.27 -3.45 11.91 
 631  1.42 -3.44 11.91 
 632  5.74 -3.44 11.91 
 633  1.49 -3.43 11.91 
 634  1.13 -3.44 11.91 
 635  1.75 -3.44 11.91 
 636 -0.75 -3.43 11.91 
 637  1.17 -3.43 11.91 
 638  2.14 -3.44 11.91 
 639  3.98 -3.43 11.91 
 640  4.14 -3.44 11.91 
 641  6.27 -3.43 11.91 
 642  6.28 -3.43 11.91 
 643  6.41 -3.42 11.91 
 644  8.91 -3.41 11.91 
 645 17.52 -3.42 11.91 
 646  7.01 -3.40 17.52 
 647 10.14 -3.42 17.52 
 648 11.03 -3.43 17.52 
 649  3.64 -3.43 17.52 
 650  9.01 -3.42 17.52 
 651  5.21 -2.90 17.52 
 652  5.32 -2.44 17.52 
 653 11.42 -2.20 17.52 
 654 13.12 -2.46 17.52 
 655 19.39 -1.18 17.52 
 656  8.19 -3.42 19.39 
 657  5.86 -3.42 19.39 
 658  5.76 -3.42 19.39 
 659 26.88 -1.03 19.39 
 660 23.08 -1.74 26.88 
 661 24.58 -3.42 26.88 
 662 14.16 -1.10 26.88 
 663 33.62 -1.24 26.88 
 664 20.12 -1.99 33.62 
 665 10.90 -3.30 33.62 
 666 22.24 -3.40 33.62 
 667 17.64 -3.39 33.62 
 668 12.26 -3.39 33.62 
 669 21.75 -3.39 33.62 
 670 13.68 -3.41 33.62 
 671 12.16 -3.42 33.62 
 672 13.59 -3.42 33.62 
 673  9.61 -3.42 33.62 
 674 24.70 -3.42 33.62 
 675 25.01 -3.42 33.62 
 676 18.87 -3.42 33.62 
 677 21.57 -3.41 33.62 
 678 41.24 -3.42 33.62 
 679 25.10 -3.42 41.24 
 680 29.99 -3.42 41.24 
 681 19.77 -2.75 41.24 
 682 13.97 -3.42 41.24 
 683 31.35 -3.42 41.24 
 684 24.63 -3.42 41.24 
 685 26.14 -3.43 41.24 
 686 35.53 -3.42 41.24 
 687 23.84 -3.42 41.24 
 688 18.85 -3.41 41.24 
 689 26.80 -3.40 41.24 
 690 30.54 -2.72 41.24 
 691 56.61 -3.40 41.24 
 692 35.69 -3.42 56.61 
 693 74.88 -3.41 56.61 
 694 35.98 -3.41 74.88 
 695 44.31 -3.41 74.88 
 696 27.75 -3.41 74.88 
 697 25.04 -3.40 74.88 
 698 22.37 -3.40 74.88 
 699 18.92 -2.97 74.88 
 700 27.33 -3.41 74.88 
 701 32.61 -3.40 74.88 
 702 35.16 -2.68 74.88 
 703 41.00 -3.40 74.88 
 704 43.90 -3.40 74.88 
 705 34.50 -3.41 74.88 
 706 33.13 -3.41 74.88 
 707 20.56 -3.41 74.88 
 708 50.23 -3.40 74.88 
 709 38.33 -1.35 74.88 
 710 55.84 -0.93 74.88 
 711 47.79 -0.34 74.88 
 712 24.50 -0.55 74.88 
 713 14.73  0.93 74.88 
 714 38.45 -1.83 74.88 
 715 29.02 -2.25 74.88 
 716 31.69 -1.08 74.88 
 717 46.30 -1.50 74.88 
 718 28.26 -1.08 74.88 
 719 31.68 -1.76 74.88 
 720 30.67 -1.19 74.88 
 721 36.93 -3.38 74.88 
 722 47.46 -3.03 74.88 
 723 72.54 -3.14 74.88 
 724 26.53 -2.55 74.88 
 725 71.63  1.95 74.88 
 726 61.01  1.68 74.88 
 727 38.50  3.91 74.88 
 728 80.30 -0.30 74.88 
 729 38.60  3.31 80.30 
 730 40.28  3.21 80.30 
 731 48.18  3.04 80.30 
 732 50.49  4.68 80.30 
 733 57.38  4.58 80.30 
 734 62.54  4.69 80.30 
 735 39.85  3.43 80.30 
 736 53.87  6.54 80.30 
 737 37.84  3.49 80.30 
 738 28.35  2.00 80.30 
 739 58.65  4.59 80.30 
 740 95.91  4.78 80.30 
 741 74.10  5.07 95.91 
 742 67.66  2.87 95.91 
 743 84.30  2.34 95.91 
 744 60.98 -0.18 95.91 
 745 69.08  1.77 95.91 
 746 46.59  1.04 95.91 
 747 73.92  1.66 95.91 
 748 53.63 -0.26 95.91 
 749 33.72 -0.62 95.91 
 750 76.36  2.73 95.91 
 751 60.19  1.40 95.91 
 752 94.56  1.21 95.91 
 753 71.36  0.56 95.91 
 754 49.55 -1.19 95.91 
 755 38.83  4.79 95.91 
 756 46.25  5.16 95.91 
 757 97.44  6.41 95.91 
 758 65.29  6.85 97.44 
 759 57.58 10.87 97.44 
 760 88.79 11.11 97.44 
 761 67.04  8.34 97.44 
 762 55.46  7.81 97.44 
 763 58.20  7.35 97.44 
 764 52.19 10.06 97.44 
 765 106.03 10.85 97.44 
 766 52.00 10.51 106.03 
 767 73.41 10.91 106.03 
 768 75.44  7.42 106.03 
 769 64.98  8.84 106.03 
 770 89.69  8.62 106.03 
 771 71.34  8.95 106.03 
 772 57.14  9.51 106.03 
 773 62.33  8.00 106.03 
 774 100.97  9.82 106.03 
 775 131.27 10.02 106.03 
 776 119.36  9.00 131.27 
 777 91.54  4.78 131.27 
 778 88.86  6.04 131.27 
 779 101.03  5.73 131.27 
 780 73.49  6.23 131.27 
 781 100.26  1.43 131.27 
 782 96.32  3.54 131.27 
 783 79.11  2.78 131.27 
 784 104.97  2.01 131.27 
 785 77.06  5.22 131.27 
 786 83.15  4.84 131.27 
 787 74.63  7.60 131.27 
 788 63.48 10.31 131.27 
 789 93.39  7.69 131.27 
 790 101.23  6.47 131.27 
 791 111.26  8.30 131.27 
 792 122.38  7.67 131.27 
 793 110.06  8.43 131.27 
 794 83.16  5.82 131.27 
 795 93.93  5.75 131.27 
 796 112.57  8.36 131.27 
 797 156.09  5.65 131.27 
 798 114.41 11.67 156.09 
 799 118.23  5.57 156.09 
 800 96.70 12.36 156.09 
 801 100.52 12.77 156.09 
 802 82.12 15.74 156.09 
 803 136.92 19.63 156.09 
 804 82.29 14.10 156.09 
 805 90.18 14.66 156.09 
 806 89.80 14.33 156.09 
 807 92.39 22.43 156.09 
 808 190.45 18.65 156.09 
 809 133.26 18.05 190.45 
 810 160.36 20.41 190.45 
 811 125.62 24.24 190.45 
 812 100.44 21.30 190.45 
 813 155.45 26.96 190.45 
 814 128.45 31.14 190.45 
 815 170.86 23.44 190.45 
 816 167.78 27.27 190.45 
 817 163.13 28.40 190.45 
 818 99.01 25.62 190.45 
 819 102.01 33.89 190.45 
 820 153.67 36.69 190.45 
 821 133.54 24.52 190.45 
 822 121.35 28.85 190.45 
 823 151.62 28.40 190.45 
 824 115.92 22.27 190.45 
 825 75.98 21.43 190.45 
 826 150.99 24.03 190.45 
 827 168.34 24.35 190.45 
 828 159.86 25.72 190.45 
 829 117.29 20.78 190.45 
 830 144.36 20.78 190.45 
 831 136.69 20.55 190.45 
 832 135.93 26.93 190.45 
 833 155.64 26.62 190.45 
 834 124.15 22.63 190.45 
 835 126.56 24.66 190.45 
 836 160.03 57.47 190.45 
 837 119.27 107.31 190.45 
 838 137.14 66.63 190.45 
 839 150.29 42.27 190.45 
 840 125.41 53.82 190.45 
 841 156.61 43.18 190.45 
 842 179.02 40.65 190.45 
 843 154.63 46.87 190.45 
 844 228.79 59.43 190.45 
 845 201.95 54.29 228.79 
 846 144.54 52.02 228.79 
 847 117.30 55.83 228.79 
 848 205.40 57.71 228.79 
 849 152.25 64.81 228.79 
 850 145.62 93.01 228.79 
 851 139.66 78.11 228.79 
 852 170.63 95.80 228.79 
 853 166.52 114.82 228.79 
 854 182.28 199.74 228.79 
 855 173.91 248.80 228.79 
 856 176.74 197.29 228.79 
 857 152.52 205.49 228.79 
 858 148.27 211.68 228.79 
 859 146.33 211.68 228.79 
 860 188.16 201.36 228.79 
 861 150.41 184.61 228.79 
 862 169.92 166.40 228.79 
 863 159.33 143.97 228.79 
 864 177.66 286.73 228.79 
 865 218.29 214.20 228.79 
 866 195.69 191.16 228.79 
 867 209.84 153.49 228.79 
 868 169.34 159.15 228.79 
 869 245.37 168.20 228.79 
 870 224.75 110.56 245.37 
 871 233.42 115.21 245.37 
 872 183.65 123.46 245.37 
 873 196.84 126.60 245.37 
 874 230.48 115.42 245.37 
 875 217.17 115.29 245.37 
 876 169.47 156.41 245.37 
 877 189.73 144.54 245.37 
 878 199.07 139.78 245.37 
 879 180.23 131.58 245.37 
 880 188.67 207.67 245.37 
 881 134.86 135.48 245.37 
 882 161.89 140.78 245.37 
 883 219.55 203.20 245.37 
 884 197.75 184.47 245.37 
 885 170.41 151.18 245.37 
 886 168.68 141.51 245.37 
 887 169.29 134.41 245.37 
 888 184.31 155.20 245.37 
 889 164.98 145.96 245.37 
 890 215.76 123.89 245.37 
 891 230.40 135.40 245.37 
 892 209.39 115.92 245.37 
 893 267.73 137.50 245.37 
 894 186.41 151.74 267.73 
 895 274.18 132.08 267.73 
 896 231.60 131.55 274.18 
 897 311.61 183.67 274.18 
 898 276.79 149.02 311.61 
 899 189.59 171.80 311.61 
 900 259.89 170.86 311.61 
 901 262.72 167.87 311.61 
 902 237.64 184.98 311.61 
 903 171.32 166.08 311.61 
 904 191.05 173.74 311.61 
 905 231.81 175.56 311.61 
 906 255.43 167.95 311.61 
 907 284.21 168.10 311.61 
 908 229.24 174.47 311.61 
 909 237.38 174.69 311.61 
 910 295.63 188.55 311.61 
 911 305.94 194.33 311.61 
 912 254.02 180.04 311.61 
 913 320.85 160.27 311.61 
 914 263.99 198.66 320.85 
 915 197.26 181.53 320.85 
 916 362.06 187.34 320.85 
 917 262.07 171.67 362.06 
 918 258.41 180.02 362.06 
 919 355.97 200.50 362.06 
 920 314.67 197.18 362.06 
 921 266.81 216.47 362.06 
 922 249.48 206.96 362.06 
 923 268.25 185.06 362.06 
 924 284.23 203.70 362.06 
 925 280.15 243.13 362.06 
 926 306.99 238.50 362.06 
 927 319.93 230.04 362.06 
 928 330.35 251.44 362.06 
 929 238.13 230.70 362.06 
 930 315.56 196.07 362.06 
 931 284.24 225.20 362.06 
 932 270.21 159.60 362.06 
 933 296.29 135.54 362.06 
 934 285.30 114.02 362.06 
 935 316.79 201.89 362.06 
 936 353.87 197.67 362.06 
 937 330.78 215.15 362.06 
 938 424.76 288.26 362.06 
 939 273.54 241.46 424.76 
 940 364.71 303.32 424.76 
 941 384.65 270.48 424.76 
 942 304.59 291.72 424.76 
 943 414.96 315.23 424.76 
 944 431.08 315.24 424.76 
 945 386.45 330.03 431.08 
 946 348.12 296.79 431.08 
 947 324.31 288.47 431.08 
 948 381.32 291.93 431.08 
 949 349.59 288.06 431.08 
 950 381.43 330.92 431.08 
 951 380.82 269.04 431.08 
 952 353.86 285.61 431.08 
 953 343.51 274.06 431.08 
 954 379.66 265.31 431.08 
 955 429.50 265.31 431.08 
 956 456.74 255.69 431.08 
 957 448.94 281.79 456.74 
 958 490.44 239.30 456.74 
 959 544.56 196.02 490.44 
 960 491.67 182.01 544.56 
 961 545.98 255.32 544.56 
 962 439.26 211.66 545.98 
 963 428.08 298.70 545.98 
 964 520.83 263.98 545.98 
 965 534.57 285.16 545.98 
 966 595.32 209.12 545.98 
 967 532.66 206.55 595.32 
 968 497.48 240.46 595.32 
 969 477.04 298.62 595.32 
 970 532.98 238.04 595.32 
 971 652.90 246.02 595.32 
 972 576.53 336.51 652.90 
 973 504.37 338.40 652.90 
 974 518.07 338.65 652.90 
 975 644.27 348.07 652.90 
 976 658.69 353.43 652.90 
 977 645.27 380.06 658.69 
 978 667.44 360.88 658.69 
 979 730.49 415.95 667.44 
 980 702.92 287.40 730.49 
 981 784.44 349.47 730.49 
 982 718.51 393.99 784.44 
 983 705.92 329.33 784.44 
 984 633.68 335.14 784.44 
 985 764.77 395.35 784.44 
 986 660.32 391.24 784.44 
 987 696.36 407.35 784.44 
 988 785.50 390.16 784.44 
 989 736.48 445.88 785.50 
 990 727.21 407.30 785.50 
 991 813.69 492.54 785.50 
 992 902.94 429.16 813.69 
 993 832.79 464.89 902.94 
 994 869.04 402.92 902.94 
 995 970.18 421.56 902.94 
 996 890.17 429.90 970.18 
 997 915.90 408.60 970.18 
 998 921.65 376.09 970.18 
 999 911.28 432.91 970.18 
1000 905.53 506.83 970.18 
1001 967.55 490.56 -100000000.00 
1002 831.68 523.64 967.55 
1003 893.49 553.39 967.55 
1004 887.38 509.13 967.55 
1005 949.11 533.63 967.55 
1006 1047.98 454.53 967.55 
1007 1047.44 543.26 1047.98 
1008 907.31 426.72 1047.98 
1009 1084.77 495.58 1047.98 
1010 1151.53 544.25 1084.77 
1011 1196.48 501.39 1151.53 
1012 1162.62 518.69 1196.48 
1013 1067.54 451.47 1196.48 
1014 1111.66 520.31 1196.48 
1015 1149.59 565.44 1196.48 
1016 1089.61 641.40 1196.48 
1017 1402.89 616.91 1196.48 
1018 1209.78 576.04 1402.89 
1019 1398.87 629.08 1402.89 
1020 1274.41 631.73 1402.89 
1021 1227.88 767.85 1402.89 
1022 1425.02 809.22 1402.89 
1023 1387.14 876.35 1425.02 
1024 1459.64 897.32 1425.02 
1025 1385.98 849.37 1459.64 
1026 1514.25 838.53 1459.64 
1027 1361.60 755.32 1514.25 
1028 1384.68 811.87 1514.25 
1029 1448.44 782.52 1514.25 
1030 1335.65 918.04 1514.25 
1031 1502.74 924.76 1514.25 
1032 1451.15 942.36 1514.25 
1033 1637.53 949.30 1514.25 
1034 1645.58 868.26 1637.53 
1035 1639.16 908.24 1645.58 
1036 1835.53 971.59 1645.58 
1037 1787.17 1025.21 1835.53 
1038 1766.71 959.54 1835.53 
1039 1641.42 1049.28 1835.53 
1040 1836.37 1035.08 1835.53 
1041 1731.23 1046.50 1836.37 
1042 1999.71 1086.76 1836.37 
1043 1934.84 1158.73 1999.71 
1044 1884.31 1135.82 1999.71 
1045 1863.20 1133.47 1999.71 
1046 1880.56 1297.99 1999.71 
1047 2248.06 1238.98 1999.71 
1048 2038.27 1145.59 2248.06 
1049 2173.40 1302.79 2248.06 
1050 2184.87 1470.17 2248.06 
1051 2145.51 1407.86 2248.06 
1052 2163.63 1438.79 2248.06 
1053 2233.86 1309.21 2248.06 
1054 2226.88 1418.57 2248.06 
1055 2362.93 1366.79 2248.06 
1056 2264.61 1531.83 2362.93 
1057 2480.02 1528.51 2362.93 
1058 2446.40 1638.18 2480.02 
1059 2292.23 1550.05 2480.02 
1060 2472.23 1621.21 2480.02 
1061 2487.20 1675.66 2480.02 
1062 2545.24 1652.55 2487.20 
1063 2484.21 1771.28 2545.24 
1064 2466.19 1864.32 2545.24 
1065 2528.83 1971.17 2545.24 
1066 2700.61 1971.96 2545.24 
1067 2680.62 2006.96 2700.61 
1068 2769.03 2066.79 2700.61 
1069 2764.70 2167.34 2769.03 
1070 2646.55 2169.95 2769.03 
1071 2920.47 2162.34 2769.03 
1072 2841.91 2203.69 2920.47 
1073 2791.51 2128.52 2920.47 
1074 2876.46 2096.38 2920.47 
1075 2883.14 2193.21 2920.47 
1076 2974.32 2253.95 2920.47 
1077 2871.72 2243.86 2974.32 
1078 3069.12 2294.01 2974.32 
1079 3254.22 2292.41 3069.12 
1080 3107.50 2295.15 3254.22 
1081 3057.57 2308.22 3254.22 
1082 3189.63 2319.45 3254.22 
1083 3163.86 2314.13 3254.22 
1084 3103.12 2439.11 3254.22 
1085 3178.09 2281.16 3254.22 
1086 3101.40 2311.74 3254.22 
1087 3178.70 2359.44 3254.22 
1088 3243.74 2407.34 3254.22 
1089 3258.65 2366.32 3254.22 
1090 3217.60 2343.32 3258.65 
1091 3307.37 2384.84 3258.65 
1092 3451.44 2506.78 3307.37 
1093 3403.37 2479.47 3451.44 
1094 3481.93 2679.89 3451.44 
1095 3465.14 2677.51 3481.93 
1096 3438.45 2811.71 3481.93 
1097 3517.72 2791.01 3481.93 
1098 3384.71 2777.15 3517.72 
1099 3523.92 2799.33 3517.72 
1100 3498.16 2915.78 3523.92 
1101 3527.82 2901.21 3523.92 
1102 3645.58 2959.32 3527.82 
1103 3652.01 2879.81 3645.58 
1104 3506.03 2909.69 3652.01 
1105 3627.53 2774.99 3652.01 
1106 3686.74 2831.65 3652.01 
1107 3614.68 2913.23 3686.74 
1108 3672.01 2820.29 3686.74 
1109 3816.64 2907.47 3686.74 
1110 3736.99 2944.68 3816.64 
1111 3651.10 3009.29 3816.64 
1112 3785.33 2966.04 3816.64 
1113 3728.73 2963.23 3816.64 
1114 3700.63 2980.82 3816.64 
1115 3795.80 2940.45 3816.64 
1116 3790.68 2895.46 3816.64 
1117 3746.28 2883.31 3816.64 
1118 3709.16 2875.50 3816.64 
1119 3840.80 2832.95 3816.64 
1120 3796.71 2802.36 3840.80 
1121 3784.13 2863.00 3840.80 
1122 3794.48 2870.15 3840.80 
1123 3808.11 2770.23 3840.80 
1124 3849.05 3084.44 3840.80 
1125 3961.57 2929.91 3849.05 
1126 3875.34 3078.70 3961.57 
1127 3941.12 2983.62 3961.57 
1128 3889.80 3155.19 3961.57 
1129 3884.11 3247.90 3961.57 
1130 3858.71 3416.50 3961.57 
1131 3944.70 3245.24 3961.57 
1132 3879.83 3219.57 3961.57 
1133 3898.32 3239.73 3961.57 
1134 3831.36 2947.62 3961.57 
1135 3942.78 3017.45 3961.57 
1136 3984.30 3017.45 3961.57 
1137 3870.85 3226.00 3984.30 
1138 4078.53 2974.31 3984.30 
1139 3916.55 3226.82 4078.53 
1140 3899.16 3020.90 4078.53 
1141 3855.40 3183.33 4078.53 
1142 3827.67 3051.45 4078.53 
1143 3767.69 3250.98 4078.53 
1144 3857.58 3085.39 4078.53 
1145 3922.19 3162.49 4078.53 
1146 3822.59 2918.20 4078.53 
1147 3941.54 2965.83 4078.53 
1148 4035.29 3333.82 4078.53 
1149 3924.63 3272.23 4078.53 
1150 4114.06 3204.20 4078.53 
1151 4009.16 3292.24 4114.06 
1152 3827.45 3200.84 4114.06 
1153 4007.09 3032.69 4114.06 
1154 3948.91 3295.37 4114.06 
1155 3995.60 3311.98 4114.06 
1156 3995.04 3238.08 4114.06 
1157 3939.42 3356.71 4114.06 
1158 3983.47 3108.47 4114.06 
1159 4033.64 3038.11 4114.06 
1160 4028.12 2917.37 4114.06 
1161 4049.69 2933.66 4114.06 
1162 3923.54 3013.30 4114.06 
1163 4083.35 2964.35 4114.06 
1164 4044.62 3113.92 4114.06 
1165 3982.13 3177.49 4114.06 
1166 4069.07 3145.23 4114.06 
1167 4028.29 2860.33 4114.06 
1168 4078.76 3051.91 4114.06 
1169 3953.72 2969.86 4114.06 
1170 3972.62 2940.39 4114.06 
1171 4005.60 3190.80 4114.06 
1172 4050.87 3218.92 4114.06 
1173 4079.26 3367.73 4114.06 
1174 4074.65 3394.21 4114.06 
1175 4161.83 3494.90 4114.06 
1176 3962.91 3534.85 4161.83 
1177 4115.20 3591.17 4161.83 
1178 4144.70 3483.84 4161.83 
1179 4094.07 3546.42 4161.83 
1180 4030.58 3582.43 4161.83 
1181 4144.34 3583.82 4161.83 
1182 4132.15 3368.12 4161.83 
1183 4114.23 3258.76 4161.83 
1184 4197.29 3323.25 4161.83 
1185 4126.27 3484.03 4197.29 
1186 4136.70 3627.45 4197.29 
1187 4038.12 3468.42 4197.29 
1188 4224.02 3462.80 4197.29 
1189 4150.58 3415.32 4224.02 
1190 4089.23 3130.83 4224.02 
1191 4151.72 3313.77 4224.02 
1192 4110.61 3212.74 4224.02 
1193 4262.60 3135.11 4224.02 
1194 4205.22 3205.38 4262.60 
1195 4254.38 3463.50 4262.60 
1196 4259.63 3399.65 4262.60 
1197 4232.01 3347.29 4262.60 
1198 4197.22 3452.78 4262.60 
1199 4188.78 3605.17 4262.60 
1200 4188.69 3521.34 4262.60 
1201 4211.71 3510.78 4262.60 
1202 4223.91 3374.31 4262.60 
1203 4234.46 3453.38 4262.60 
1204 4359.13 3557.93 4262.60 
1205 4181.07 3543.45 4359.13 
1206 4200.56 3598.57 4359.13 
1207 4220.40 3597.34 4359.13 
1208 4323.19 3712.93 4359.13 
1209 4238.94 3421.63 4359.13 
1210 4214.37 3553.87 4359.13 
1211 4225.94 3479.07 4359.13 
1212 4288.14 3634.86 4359.13 
1213 4266.52 3661.38 4359.13 
1214 4314.30 3379.09 4359.13 
1215 4221.67 3186.55 4359.13 
1216 4234.88 3405.47 4359.13 
1217 4268.81 3152.97 4359.13 
1218 4210.86 3404.69 4359.13 
1219 4292.17 3384.23 4359.13 
1220 4264.34 3275.70 4359.13 
1221 4216.65 3313.04 4359.13 
1222 4317.32 3373.48 4359.13 
1223 4304.76 3373.48 4359.13 
1224 4248.00 3457.09 4359.13 
1225 4245.84 3425.09 4359.13 
1226 4228.06 3277.51 4359.13 
1227 4248.36 3368.52 4359.13 
1228 4202.48 3185.23 4359.13 
1229 4337.07 3270.18 4359.13 
1230 4363.58 3188.25 4359.13 
1231 4307.78 3290.95 4363.58 
1232 4290.53 3317.81 4363.58 
1233 4330.28 3315.38 4363.58 
1234 4394.96 3185.64 4363.58 
1235 4274.22 3200.73 4394.96 
1236 4354.08 3200.73 4394.96 
1237 4320.31 3304.58 4394.96 
1238 4244.18 3252.22 4394.96 
1239 4319.36 3460.58 4394.96 
1240 4423.83 3729.69 4394.96 
1241 4246.43 3303.12 4423.83 
1242 4391.06 3693.57 4423.83 
1243 4285.08 3268.86 4423.83 
1244 4414.15 3489.15 4423.83 
1245 4175.04 3524.77 4423.83 
1246 4319.03 3322.09 4423.83 
1247 4320.88 3232.05 4423.83 
1248 4321.27 3104.84 4423.83 
1249 4373.03 3182.83 4423.83 
1250 4297.73 3359.00 4423.83 
1251 4280.78 3366.05 4423.83 
1252 4289.92 3564.09 4423.83 
1253 4314.68 3399.02 4423.83 
1254 4317.42 3186.25 4423.83 
1255 4396.94 3186.25 4423.83 
1256 4309.75 3134.10 4423.83 
1257 4339.82 3239.37 4423.83 
1258 4320.95 3391.84 4423.83 
1259 4357.99 3454.20 4423.83 
1260 4398.18 3103.47 4423.83 
1261 4321.85 3295.22 4423.83 
1262 4318.95 3245.65 4423.83 
1263 4317.98 3257.92 4423.83 
1264 4385.31 3257.92 4423.83 
1265 4414.05 3254.29 4423.83 
1266 4299.03 3389.31 4423.83 
1267 4323.08 3505.72 4423.83 
1268 4419.52 3410.05 4423.83 
1269 4406.88 3476.44 4423.83 
1270 4300.44 3479.83 4423.83 
1271 4407.57 3618.65 4423.83 
1272 4394.59 3711.60 4423.83 
1273 4350.72 3642.09 4423.83 
1274 4349.54 3540.17 4423.83 
1275 4383.11 3548.21 4423.83 
1276 4335.52 3588.31 4423.83 
1277 4424.12 3656.87 4423.83 
1278 4388.81 3507.70 4424.12 
1279 4401.59 3638.44 4424.12 
1280 4367.38 3556.15 4424.12 
1281 4390.70 3599.56 4424.12 
1282 4294.79 3595.37 4424.12 
1283 4357.22 3275.13 4424.12 
1284 4406.75 3446.91 4424.12 
1285 4406.07 3573.21 4424.12 
1286 4341.91 3521.27 4424.12 
1287 4366.63 3330.58 4424.12 
1288 4440.10 3411.74 4424.12 
1289 4399.97 3344.87 4440.10 
1290 4375.19 3484.39 4440.10 
1291 4439.59 3592.46 4440.10 
1292 4503.44 3279.93 4440.10 
1293 4385.11 3169.29 4503.44 
1294 4410.54 3415.80 4503.44 
1295 4428.55 3361.20 4503.44 
1296 4393.04 3276.71 4503.44 
1297 4340.37 3300.90 4503.44 
1298 4447.59 3359.60 4503.44 
1299 4363.12 3389.70 4503.44 
1300 4340.89 3366.68 4503.44 
1301 4280.68 3377.23 4503.44 
1302 4352.24 3467.62 4503.44 
1303 4444.28 3372.42 4503.44 
1304 4340.32 3439.28 4503.44 
1305 4438.30 3371.04 4503.44 
1306 4284.18 3282.33 4503.44 
1307 4501.70 3337.46 4503.44 
1308 4370.32 3328.71 4503.44 
1309 4258.12 3328.71 4503.44 
1310 4339.56 3390.71 4503.44 
1311 4311.62 3708.37 4503.44 
1312 4438.65 3744.40 4503.44 
1313 4353.89 3775.07 4503.44 
1314 4458.49 3775.07 4503.44 
1315 4391.71 3467.60 4503.44 
1316 4319.25 3368.65 4503.44 
1317 4427.57 3345.58 4503.44 
1318 4365.48 3291.91 4503.44 
1319 4387.79 3434.14 4503.44 
1320 4458.92 3658.94 4503.44 
1321 4470.16 3622.99 4503.44 
1322 4390.31 3563.93 4503.44 
1323 4499.04 3569.64 4503.44 
1324 4461.60 3690.01 4503.44 
1325 4501.28 3388.45 4503.44 
1326 4452.59 3140.33 4503.44 
1327 4427.70 3542.11 4503.44 
1328 4516.23 3486.93 4503.44 
1329 4411.13 3654.16 4516.23 
1330 4433.30 3674.91 4516.23 
1331 4452.52 3482.79 4516.23 
1332 4486.02 3618.26 4516.23 
1333 4391.74 3612.03 4516.23 
1334 4548.04 3563.17 4516.23 
1335 4485.26 3620.29 4548.04 
1336 4566.00 3798.48 4548.04 
1337 4374.71 3821.68 4566.00 
1338 4516.52 3645.93 4566.00 
1339 4490.67 3795.86 4566.00 
1340 4533.06 3643.78 4566.00 
1341 4548.51 3703.23 4566.00 
1342 4535.93 3770.34 4566.00 
1343 4487.60 3782.74 4566.00 
1344 4441.95 3609.08 4566.00 
1345 4488.20 3630.68 4566.00 
