Iter | Sampling Pol | Evaluation Pol | Best (Sampled) 
   0 -2796.00 -2704.81 -100000000.00 
   1 -2301.23 -2445.92 -2796.00 
   2 -2373.29 -2047.70 -2301.23 
   3 -2028.69 -1763.77 -2301.23 
   4 -1757.12 -1861.13 -2028.69 
   5 -1625.65 -1942.82 -1757.12 
   6 -1434.89 -1490.83 -1625.65 
   7 -1376.24 -1440.67 -1434.89 
   8 -1298.07 -1375.76 -1376.24 
   9 -1222.30 -1312.45 -1298.07 
  10 -1048.54 -1245.98 -1222.30 
  11 -1010.84 -1229.28 -1048.54 
  12 -912.98 -1009.21 -1010.84 
  13 -897.04 -1056.90 -912.98 
  14 -874.49 -971.43 -897.04 
  15 -804.90 -905.67 -874.49 
  16 -802.74 -870.24 -804.90 
  17 -713.57 -820.37 -802.74 
  18 -702.05 -814.45 -713.57 
  19 -699.00 -773.66 -702.05 
  20 -663.48 -663.12 -699.00 
  21 -655.86 -681.67 -663.48 
  22 -656.97 -637.55 -655.86 
  23 -607.58 -654.33 -655.86 
  24 -583.52 -616.41 -607.58 
  25 -575.40 -637.84 -583.52 
  26 -562.31 -651.70 -575.40 
  27 -547.17 -670.93 -562.31 
  28 -532.00 -587.88 -547.17 
  29 -507.28 -572.57 -532.00 
  30 -525.91 -545.63 -507.28 
  31 -498.52 -487.00 -507.28 
  32 -460.05 -501.69 -498.52 
  33 -468.66 -534.14 -460.05 
  34 -475.32 -560.10 -460.05 
  35 -452.00 -524.50 -460.05 
  36 -447.89 -544.44 -452.00 
  37 -454.05 -588.06 -447.89 
  38 -429.28 -575.21 -447.89 
  39 -424.41 -618.11 -429.28 
  40 -408.20 -612.12 -424.41 
  41 -386.81 -555.34 -408.20 
  42 -384.75 -462.75 -386.81 
  43 -367.07 -483.68 -384.75 
  44 -373.67 -417.74 -367.07 
  45 -363.82 -407.85 -367.07 
  46 -356.27 -433.45 -363.82 
  47 -350.63 -403.77 -356.27 
  48 -343.28 -327.87 -350.63 
  49 -327.32 -382.07 -343.28 
  50 -334.80 -374.10 -327.32 
  51 -328.33 -423.45 -327.32 
  52 -320.82 -397.35 -327.32 
  53 -323.42 -386.06 -320.82 
  54 -312.52 -358.11 -320.82 
  55 -301.78 -377.58 -312.52 
  56 -304.77 -377.17 -301.78 
  57 -290.60 -389.95 -301.78 
  58 -282.63 -381.70 -290.60 
  59 -293.60 -323.25 -282.63 
  60 -282.66 -349.53 -282.63 
  61 -277.91 -280.38 -282.63 
  62 -259.39 -312.80 -277.91 
  63 -269.27 -225.24 -259.39 
  64 -262.70 -201.09 -259.39 
  65 -268.00 -204.36 -259.39 
  66 -257.78 -163.03 -259.39 
  67 -260.66 -190.95 -257.78 
  68 -255.54 -187.04 -257.78 
  69 -257.21 -200.34 -255.54 
  70 -243.20 -188.96 -255.54 
  71 -242.22 -193.32 -243.20 
  72 -249.79 -224.19 -242.22 
  73 -233.10 -188.98 -242.22 
  74 -242.41 -203.34 -233.10 
  75 -237.01 -198.06 -233.10 
  76 -236.78 -206.59 -233.10 
  77 -238.52 -188.13 -233.10 
  78 -231.94 -170.39 -233.10 
  79 -224.98 -145.69 -231.94 
  80 -225.45 -120.21 -224.98 
  81 -219.38 -154.68 -224.98 
  82 -216.48 -129.28 -219.38 
  83 -214.06 -136.56 -216.48 
  84 -215.88 -119.04 -214.06 
  85 -213.51 -111.40 -214.06 
  86 -212.23 -132.39 -213.51 
  87 -206.45 -145.65 -212.23 
  88 -212.37 -113.46 -206.45 
  89 -205.59 -115.73 -206.45 
  90 -199.52 -104.79 -205.59 
  91 -201.85 -118.01 -199.52 
  92 -205.68 -95.22 -199.52 
  93 -201.33 -109.41 -199.52 
  94 -197.65 -85.01 -199.52 
  95 -189.13 -117.10 -197.65 
  96 -195.77 -115.29 -189.13 
  97 -193.94 -118.88 -189.13 
  98 -191.71 -134.29 -189.13 
  99 -196.25 -170.20 -189.13 
 100 -199.17 -159.95 -189.13 
 101 -190.23 -117.71 -189.13 
 102 -188.25 -106.34 -189.13 
 103 -182.35 -131.81 -188.25 
 104 -186.90 -124.75 -182.35 
 105 -186.94 -135.97 -182.35 
 106 -183.08 -116.90 -182.35 
 107 -179.36 -128.47 -182.35 
 108 -177.30 -113.88 -179.36 
 109 -177.12 -148.59 -177.30 
 110 -171.66 -141.48 -177.12 
 111 -168.98 -164.77 -171.66 
 112 -173.61 -127.30 -168.98 
 113 -175.73 -114.82 -168.98 
 114 -177.07 -111.40 -168.98 
 115 -169.44 -129.46 -168.98 
 116 -173.14 -155.79 -168.98 
 117 -169.16 -205.34 -168.98 
 118 -163.52 -220.77 -168.98 
 119 -163.89 -221.32 -163.52 
 120 -158.94 -218.74 -163.52 
 121 -164.16 -197.47 -158.94 
 122 -167.59 -200.74 -158.94 
 123 -166.48 -207.69 -158.94 
 124 -162.30 -206.22 -158.94 
 125 -164.78 -180.08 -158.94 
 126 -158.61 -207.21 -158.94 
 127 -159.69 -219.58 -158.61 
 128 -160.28 -236.99 -158.61 
 129 -153.79 -215.77 -158.61 
 130 -164.30 -214.18 -153.79 
 131 -152.76 -196.11 -153.79 
 132 -153.48 -189.51 -152.76 
 133 -152.17 -172.54 -152.76 
 134 -151.99 -169.53 -152.17 
 135 -149.88 -160.77 -151.99 
 136 -153.99 -115.97 -149.88 
 137 -147.46 -100.98 -149.88 
 138 -145.47 -90.16 -147.46 
 139 -146.66 -103.33 -145.47 
 140 -145.36 -105.73 -145.47 
 141 -144.92 -92.77 -145.36 
 142 -144.55 -128.91 -144.92 
 143 -142.76 -105.92 -144.55 
 144 -145.45 -95.70 -142.76 
 145 -143.60 -80.78 -142.76 
 146 -141.57 -95.96 -142.76 
 147 -137.51 -113.44 -141.57 
 148 -146.36 -117.01 -137.51 
 149 -144.19 -114.27 -137.51 
 150 -139.38 -92.80 -137.51 
 151 -141.63 -79.97 -137.51 
 152 -142.39 -75.11 -137.51 
 153 -137.57 -77.57 -137.51 
 154 -136.50 -75.50 -137.51 
 155 -143.62 -65.41 -136.50 
 156 -136.57 -64.91 -136.50 
 157 -136.06 -62.11 -136.50 
 158 -138.32 -63.54 -136.06 
 159 -136.93 -58.53 -136.06 
 160 -138.45 -57.63 -136.06 
 161 -133.24 -50.09 -136.06 
 162 -138.24 -57.60 -133.24 
 163 -135.24 -50.87 -133.24 
 164 -132.02 -58.98 -133.24 
 165 -134.00 -47.61 -132.02 
 166 -136.27 -51.34 -132.02 
 167 -138.23 -52.45 -132.02 
 168 -133.53 -47.65 -132.02 
 169 -133.66 -50.07 -132.02 
 170 -134.13 -48.42 -132.02 
 171 -134.75 -57.54 -132.02 
 172 -131.91 -51.21 -132.02 
 173 -131.87 -58.31 -131.91 
 174 -133.55 -57.34 -131.87 
 175 -132.64 -60.27 -131.87 
 176 -128.63 -49.77 -131.87 
 177 -130.49 -48.24 -128.63 
 178 -125.29 -53.28 -128.63 
 179 -125.91 -54.15 -125.29 
 180 -126.66 -62.03 -125.29 
 181 -125.60 -54.54 -125.29 
 182 -128.69 -56.41 -125.29 
 183 -125.91 -65.05 -125.29 
 184 -124.49 -57.87 -125.29 
 185 -124.71 -65.46 -124.49 
 186 -122.15 -61.61 -124.49 
 187 -125.00 -51.93 -122.15 
 188 -126.75 -58.85 -122.15 
 189 -118.39 -48.93 -122.15 
 190 -125.41 -54.78 -118.39 
 191 -123.71 -49.44 -118.39 
 192 -124.84 -47.09 -118.39 
 193 -121.09 -47.82 -118.39 
 194 -122.58 -46.30 -118.39 
 195 -120.93 -44.57 -118.39 
 196 -116.77 -46.56 -118.39 
 197 -118.76 -45.23 -116.77 
 198 -117.01 -44.86 -116.77 
 199 -122.43 -51.11 -116.77 
 200 -120.51 -44.83 -116.77 
 201 -121.67 -43.40 -116.77 
 202 -120.39 -48.64 -116.77 
 203 -118.73 -43.01 -116.77 
 204 -118.24 -36.33 -116.77 
 205 -113.66 -39.62 -116.77 
 206 -116.21 -40.09 -113.66 
 207 -114.13 -56.29 -113.66 
 208 -116.67 -45.15 -113.66 
 209 -117.53 -58.45 -113.66 
 210 -119.02 -57.97 -113.66 
 211 -113.39 -54.54 -113.66 
 212 -113.49 -57.40 -113.39 
 213 -118.27 -71.15 -113.39 
 214 -116.51 -65.89 -113.39 
 215 -117.52 -59.41 -113.39 
 216 -112.74 -68.16 -113.39 
 217 -113.39 -49.90 -112.74 
 218 -113.66 -45.86 -112.74 
 219 -115.11 -49.01 -112.74 
 220 -118.90 -44.59 -112.74 
 221 -116.00 -45.10 -112.74 
 222 -111.21 -40.17 -112.74 
 223 -113.50 -43.24 -111.21 
 224 -112.37 -44.36 -111.21 
 225 -112.76 -42.46 -111.21 
 226 -114.87 -42.69 -111.21 
 227 -108.10 -50.92 -111.21 
 228 -110.33 -47.55 -108.10 
 229 -107.20 -45.88 -108.10 
 230 -112.80 -45.14 -107.20 
 231 -109.05 -46.42 -107.20 
 232 -108.78 -37.42 -107.20 
 233 -107.64 -39.16 -107.20 
 234 -111.50 -45.38 -107.20 
 235 -109.05 -45.95 -107.20 
 236 -108.30 -40.07 -107.20 
 237 -108.33 -45.45 -107.20 
 238 -109.61 -46.59 -107.20 
 239 -109.94 -44.30 -107.20 
 240 -108.94 -43.13 -107.20 
 241 -110.65 -43.78 -107.20 
 242 -111.23 -41.93 -107.20 
 243 -106.61 -39.06 -107.20 
 244 -107.32 -41.25 -106.61 
 245 -114.09 -39.03 -106.61 
 246 -108.70 -40.13 -106.61 
 247 -105.41 -41.50 -106.61 
 248 -103.30 -41.31 -105.41 
 249 -102.75 -40.44 -103.30 
 250 -104.94 -44.60 -102.75 
 251 -107.91 -50.87 -102.75 
 252 -108.63 -51.06 -102.75 
 253 -101.98 -46.38 -102.75 
 254 -104.07 -47.30 -101.98 
 255 -108.11 -46.32 -101.98 
 256 -106.14 -47.01 -101.98 
 257 -109.20 -52.76 -101.98 
 258 -104.12 -48.12 -101.98 
 259 -103.46 -49.79 -101.98 
 260 -104.13 -45.17 -101.98 
 261 -102.75 -40.89 -101.98 
 262 -100.76 -35.27 -101.98 
 263 -104.87 -34.73 -100.76 
 264 -102.45 -31.60 -100.76 
 265 -103.49 -33.43 -100.76 
 266 -105.13 -34.28 -100.76 
 267 -104.36 -32.40 -100.76 
 268 -102.27 -32.10 -100.76 
 269 -104.34 -33.02 -100.76 
 270 -105.24 -34.31 -100.76 
 271 -101.35 -32.56 -100.76 
 272 -101.80 -32.35 -100.76 
 273 -101.22 -32.88 -100.76 
 274 -104.98 -36.48 -100.76 
 275 -101.52 -35.77 -100.76 
 276 -104.23 -31.67 -100.76 
 277 -97.03 -31.47 -100.76 
 278 -98.71 -31.41 -97.03 
