Iter | Sampling Pol | Evaluation Pol | Best (Sampled) 
   0 -2.16 -4.51 -100000000.00 
   1 -1.34 -4.34 -2.16 
   2 -2.13 -3.93 -1.34 
   3 -2.25 -3.66 -1.34 
   4  2.48 -2.19 -1.34 
   5 -1.49 -2.37  2.48 
   6 -2.66  0.33  2.48 
   7 -0.40  1.74  2.48 
   8 -1.23 16.49  2.48 
   9  1.03 53.34  2.48 
  10  1.57 24.27  2.48 
  11  4.14 25.40  2.48 
  12  0.74 16.08  4.14 
  13 -0.68  4.30  4.14 
  14  2.75 27.10  4.14 
  15  1.80 25.50  4.14 
  16  1.09 16.18  4.14 
  17  3.63  3.09  4.14 
  18  1.02 16.12  4.14 
  19  2.25 21.91  4.14 
  20  9.98  6.52  4.14 
  21  7.95 15.46  9.98 
  22  7.07 13.79  9.98 
  23  5.62 22.56  9.98 
  24  9.32  6.77  9.98 
  25  6.86 36.95  9.98 
  26  4.69 32.01  9.98 
  27  6.61 25.75  9.98 
  28  7.69 22.28  9.98 
  29  8.39 20.73  9.98 
  30  6.57 81.46  9.98 
  31 14.58 38.74  9.98 
  32 11.33 24.45 14.58 
  33 19.06 31.90 14.58 
  34 12.43 91.89 19.06 
  35  9.61 78.26 19.06 
  36  8.30 92.35 19.06 
  37 14.81 46.04 19.06 
  38 12.44 64.11 19.06 
  39 14.28 41.42 19.06 
  40 16.63 56.34 19.06 
  41 18.72 87.43 19.06 
  42 13.33 49.33 19.06 
  43 19.46 48.15 19.06 
  44 35.41 28.79 19.46 
  45 18.66 97.46 35.41 
  46 49.42 49.62 35.41 
  47 33.35 75.76 49.42 
  48 34.56 76.52 49.42 
  49 40.25 85.23 49.42 
  50 35.26 130.63 49.42 
  51 37.34 112.74 49.42 
  52 55.07 173.54 49.42 
  53 44.99 62.00 55.07 
  54 46.24 149.96 55.07 
  55 60.05 91.45 55.07 
  56 70.21 141.30 60.05 
  57 86.34 81.43 70.21 
  58 76.21 68.93 86.34 
  59 78.99 51.63 86.34 
  60 76.67 62.69 86.34 
  61 83.41 71.56 86.34 
  62 102.15 150.91 86.34 
  63 156.98 132.03 102.15 
  64 117.06 181.58 156.98 
  65 152.64 231.82 156.98 
  66 185.32 335.14 156.98 
  67 182.97 402.95 185.32 
  68 177.57 527.61 185.32 
  69 200.07 536.57 185.32 
  70 210.30 427.84 200.07 
  71 256.15 495.21 210.30 
  72 263.80 679.07 256.15 
  73 291.38 772.65 263.80 
  74 305.96 654.97 291.38 
  75 320.40 666.49 305.96 
  76 402.64 818.48 320.40 
  77 306.63 755.67 402.64 
  78 420.61 816.53 402.64 
  79 443.91 908.12 420.61 
  80 456.04 991.03 443.91 
  81 417.19 919.06 456.04 
  82 516.58 972.24 456.04 
  83 659.79 916.57 516.58 
  84 702.99 974.22 659.79 
  85 659.34 983.46 702.99 
  86 658.43 1073.29 702.99 
  87 771.60 1136.62 702.99 
  88 745.61 1149.06 771.60 
  89 918.14 1120.82 771.60 
  90 827.36 1362.48 918.14 
  91 972.90 1349.72 918.14 
  92 1034.75 1534.51 972.90 
  93 1020.02 1706.11 1034.75 
  94 1073.67 1652.02 1034.75 
  95 1296.57 1754.90 1073.67 
  96 1370.94 1685.81 1296.57 
  97 1380.33 1951.96 1370.94 
  98 1495.01 2039.62 1380.33 
  99 1506.23 2091.31 1495.01 
 100 1459.75 2031.40 1506.23 
 101 1478.22 2306.20 1506.23 
 102 1624.15 2146.63 1506.23 
 103 1587.33 2246.54 1624.15 
 104 1625.05 2255.24 1624.15 
 105 1854.60 2532.99 1625.05 
 106 1789.15 2612.11 1854.60 
 107 1749.01 2824.51 1854.60 
 108 1933.24 2744.90 1854.60 
 109 2011.99 2663.98 1933.24 
 110 2094.67 2702.03 2011.99 
 111 2057.24 2689.74 2094.67 
 112 2128.07 2970.01 2094.67 
 113 2129.33 2921.34 2128.07 
 114 2258.62 2745.37 2129.33 
 115 2373.65 2938.18 2258.62 
 116 2184.14 2920.00 2373.65 
 117 2478.64 2959.22 2373.65 
 118 2394.00 2963.34 2478.64 
 119 2381.97 3074.57 2478.64 
 120 2561.59 3173.07 2478.64 
 121 2503.55 3214.97 2561.59 
 122 2732.81 3160.09 2561.59 
 123 2709.05 2997.46 2732.81 
 124 2657.55 2956.19 2732.81 
 125 2704.98 2632.78 2732.81 
 126 2886.14 2577.08 2732.81 
 127 2654.29 2638.44 2886.14 
 128 2824.62 2586.01 2886.14 
 129 2927.36 2763.71 2886.14 
 130 2957.45 2845.19 2927.36 
 131 2823.32 3148.15 2957.45 
 132 2968.54 3282.84 2957.45 
 133 2922.54 2986.29 2968.54 
 134 3099.74 3229.06 2968.54 
 135 3052.95 3367.32 3099.74 
 136 3193.91 3358.42 3099.74 
 137 3073.83 3111.91 3193.91 
 138 3252.34 3140.09 3193.91 
 139 3206.35 3132.15 3252.34 
 140 3154.47 2965.36 3252.34 
 141 3270.15 3256.19 3252.34 
 142 3343.93 3356.65 3270.15 
 143 3213.76 3210.79 3343.93 
 144 3288.67 3272.73 3343.93 
 145 3234.84 2769.86 3343.93 
 146 3407.81 2921.55 3343.93 
 147 3285.81 2981.25 3407.81 
 148 3385.44 2933.25 3407.81 
 149 3419.42 2906.36 3407.81 
 150 3513.39 3303.70 3419.42 
 151 3395.38 3245.39 3513.39 
 152 3428.18 2787.06 3513.39 
 153 3513.99 2477.24 3513.39 
 154 3421.05 3291.85 3513.99 
 155 3563.45 3026.01 3513.99 
 156 3503.45 3068.42 3563.45 
 157 3632.49 3256.12 3563.45 
 158 3617.97 3579.30 3632.49 
 159 3560.46 3696.70 3632.49 
 160 3482.96 3421.45 3632.49 
 161 3575.84 3461.74 3632.49 
 162 3594.63 3581.22 3632.49 
 163 3635.07 3683.33 3632.49 
 164 3649.94 3526.81 3635.07 
 165 3649.53 3632.41 3649.94 
 166 3797.57 3910.24 3649.94 
 167 3694.47 3815.76 3797.57 
 168 3706.65 3899.67 3797.57 
 169 3714.68 4003.04 3797.57 
 170 3730.47 4004.93 3797.57 
 171 3528.43 3960.45 3797.57 
 172 3820.00 3777.98 3797.57 
 173 3683.05 3784.84 3820.00 
 174 3808.36 3671.46 3820.00 
 175 3679.85 3814.76 3820.00 
 176 3826.62 3708.24 3820.00 
 177 3788.86 3681.35 3826.62 
 178 3697.96 3665.39 3826.62 
 179 3865.22 3774.09 3826.62 
 180 3813.04 3507.52 3865.22 
 181 3841.93 3690.24 3865.22 
 182 3819.52 3962.73 3865.22 
 183 3806.69 3785.24 3865.22 
 184 3856.46 3713.88 3865.22 
 185 3865.67 3897.38 3865.22 
 186 3903.55 3939.76 3865.67 
 187 3913.00 3987.87 3903.55 
 188 3936.33 4069.63 3913.00 
 189 3775.25 4019.12 3936.33 
 190 3789.68 4076.63 3936.33 
 191 3735.65 4120.14 3936.33 
 192 3896.02 4113.71 3936.33 
 193 3871.53 4028.25 3936.33 
 194 3836.44 4091.70 3936.33 
 195 3861.96 4076.76 3936.33 
 196 3853.29 3856.41 3936.33 
 197 3999.51 3886.17 3936.33 
 198 3859.72 3854.85 3999.51 
 199 3936.72 4019.68 3999.51 
 200 3983.78 4034.95 3999.51 
 201 4023.79 3889.66 3999.51 
 202 4006.35 3925.18 4023.79 
 203 3950.45 4080.92 4023.79 
 204 3994.83 3931.25 4023.79 
 205 3971.22 4081.53 4023.79 
 206 4027.26 4077.31 4023.79 
 207 3883.68 4073.95 4027.26 
