Iter | Sampling Pol | Evaluation Pol | Best (Sampled) 
   0 -2.16 -4.38 -100000000.00 
   1 -0.30 -4.32 -2.16 
   2 -3.47 -4.32 -0.30 
   3 -2.67 -4.34 -0.30 
   4 -2.27 -4.34 -0.30 
   5 -2.46 -4.34 -0.30 
   6 -2.83 -4.34 -0.30 
   7 -1.61 -4.34 -0.30 
   8 -3.24 -4.34 -0.30 
   9 -3.78 -4.34 -0.30 
  10 -1.46 -4.34 -0.30 
  11 -2.44 -4.32 -0.30 
  12 -2.77 -4.32 -0.30 
  13 -2.25 -4.32 -0.30 
  14 -3.53 -4.32 -0.30 
  15 -2.77 -4.07 -0.30 
  16 -3.24 -4.07 -0.30 
  17 -0.10 -4.07 -0.30 
  18 -3.54 -3.95 -0.10 
  19 -2.11 -3.95 -0.10 
  20 -3.30 -3.95 -0.10 
  21 -2.20 -3.95 -0.10 
  22 -3.29 -3.95 -0.10 
  23 -2.77 -3.95 -0.10 
  24 -1.40 -3.80 -0.10 
  25 -2.97 -3.80 -0.10 
  26 -2.63 -3.80 -0.10 
  27 -3.11 -3.80 -0.10 
  28 -3.02 -3.55 -0.10 
  29 -1.89 -3.55 -0.10 
  30 -2.02 -3.55 -0.10 
  31 -2.13 -3.55 -0.10 
  32  4.47 -3.52 -0.10 
  33 -3.25 -1.03  4.47 
  34 -1.80 -0.90  4.47 
  35 -0.40 -0.90  4.47 
  36 -2.52 -2.85  4.47 
  37 -0.66 -0.65  4.47 
  38  1.24  4.04  4.47 
  39 -1.09  1.46  4.47 
  40 -2.76  1.46  4.47 
  41  2.14  1.46  4.47 
  42 -1.58  1.46  4.47 
  43 -2.03  1.46  4.47 
  44 -0.84  3.03  4.47 
  45 -1.81  3.03  4.47 
  46 -1.55 -0.93  4.47 
  47 -3.37  2.54  4.47 
  48 -1.75 -0.68  4.47 
  49 -1.35 -0.68  4.47 
  50 -2.99 -0.68  4.47 
  51  1.17  1.34  4.47 
  52 -1.54 -3.19  4.47 
  53 -1.27 -3.19  4.47 
  54 -1.13 -3.18  4.47 
  55 -1.60 -2.36  4.47 
  56 -0.56 -2.36  4.47 
  57 -1.56 -2.39  4.47 
  58 -1.02 -2.39  4.47 
  59 -1.45 -2.39  4.47 
  60 -1.41 -3.54  4.47 
  61  0.68 -3.54  4.47 
  62 -2.10 -3.49  4.47 
  63 -0.79 -3.49  4.47 
  64 -0.74 -2.79  4.47 
  65 -0.15 -2.79  4.47 
  66 -0.56 -0.65  4.47 
  67 -2.41 -0.65  4.47 
  68 -1.80 -0.65  4.47 
  69 -3.02 -0.65  4.47 
  70 -2.19 -0.65  4.47 
  71 -1.75 -0.65  4.47 
  72 -2.95 -0.26  4.47 
  73 -0.84 -0.26  4.47 
  74 -1.62 -0.26  4.47 
  75 -0.61 -2.13  4.47 
  76 -1.53 -1.59  4.47 
  77 -1.38  0.19  4.47 
  78 -2.20  0.19  4.47 
  79 -1.95  0.19  4.47 
  80 -2.14  0.30  4.47 
  81 -2.06  0.30  4.47 
  82 -2.56 -1.52  4.47 
  83 -3.07 -3.48  4.47 
  84 -3.55 -3.48  4.47 
  85 -2.46 -3.48  4.47 
  86 -3.47 -3.53  4.47 
  87 -2.80 -3.68  4.47 
  88 -2.97 -3.34  4.47 
  89 -1.95 -3.66  4.47 
  90 -0.93 -0.17  4.47 
  91 -0.46 -0.17  4.47 
  92 -1.64 -0.17  4.47 
  93  0.63 -0.17  4.47 
  94 -1.63 -0.26  4.47 
  95 -2.75 -3.55  4.47 
  96 -1.44 -3.55  4.47 
  97 -1.44 -3.55  4.47 
  98 -0.59 -3.55  4.47 
  99 -1.25 -2.84  4.47 
 100 -0.82 -2.84  4.47 
 101 -1.77 -2.84  4.47 
 102 -1.43 -2.84  4.47 
 103 -1.28 -2.84  4.47 
 104 -0.95 -2.84  4.47 
 105 -1.13 -2.84  4.47 
 106 -2.28 -2.84  4.47 
 107 -2.93 -2.84  4.47 
 108 -1.46 -2.84  4.47 
 109 -0.97 -2.84  4.47 
 110 -1.97 -2.84  4.47 
 111  0.08 -2.84  4.47 
 112 -1.98 -2.84  4.47 
 113 -0.85 -2.84  4.47 
 114 -1.88 -2.84  4.47 
 115 -0.55 -2.84  4.47 
 116 -1.17 -2.84  4.47 
 117 -1.48 -2.84  4.47 
 118 -0.16 -2.84  4.47 
 119  0.75 -2.84  4.47 
 120 -1.07 -2.84  4.47 
 121  0.76 -2.84  4.47 
 122  2.74 -2.84  4.47 
 123  0.19 -2.84  4.47 
 124 -0.99 -2.84  4.47 
 125 -1.63 -2.84  4.47 
 126  0.28 -2.84  4.47 
 127 -0.84 -2.84  4.47 
 128 -2.18 -2.84  4.47 
 129 -1.33 -2.84  4.47 
 130 -0.25 -2.84  4.47 
 131 -1.01 -2.84  4.47 
 132  0.34 -2.84  4.47 
 133 -1.37 -2.84  4.47 
 134 -2.30 -2.84  4.47 
 135 -1.92 -2.84  4.47 
 136 -0.92 -2.84  4.47 
 137 -1.65 -2.84  4.47 
 138  1.21 -2.84  4.47 
 139  1.44 -2.84  4.47 
 140 -1.76 -2.84  4.47 
 141 -1.09 -2.84  4.47 
 142  0.09 -2.84  4.47 
 143 -2.82 -2.84  4.47 
 144 -1.63 -2.84  4.47 
 145 -0.27 -2.84  4.47 
 146 -1.62 -2.84  4.47 
 147 -2.05 -2.84  4.47 
 148 -0.22 -2.84  4.47 
 149 -1.30 -2.84  4.47 
 150 -1.62 -2.84  4.47 
 151 -1.70 -2.84  4.47 
 152 -1.16 -2.84  4.47 
 153  5.87 -2.84  4.47 
 154 -2.16 -2.84  5.87 
 155 -0.73 -2.84  5.87 
 156 -1.45 -2.84  5.87 
 157  3.10 -2.84  5.87 
 158 -2.09 -2.84  5.87 
 159 -0.95 -2.84  5.87 
 160 -1.53 -2.84  5.87 
 161 -1.53 -2.84  5.87 
 162 -0.79 -2.84  5.87 
 163 -0.07 -2.84  5.87 
 164  0.13 -2.84  5.87 
 165 -0.68 -2.84  5.87 
 166 -0.35 -2.84  5.87 
 167 -1.48 -2.84  5.87 
 168 -0.63 -2.84  5.87 
 169 -1.65 -2.84  5.87 
 170 -0.07 -2.84  5.87 
 171 -2.19 -2.84  5.87 
 172 -0.82 -2.84  5.87 
 173 -2.38 -2.84  5.87 
 174 -1.50 -2.84  5.87 
 175 -2.26 -2.84  5.87 
 176 -1.08 -2.84  5.87 
 177 -1.44 -2.84  5.87 
 178 -2.26 -2.84  5.87 
 179 -0.70 -2.84  5.87 
 180 -1.11 -2.84  5.87 
 181 -2.79 -2.84  5.87 
 182 -1.43 -2.84  5.87 
 183  0.25 -2.84  5.87 
 184 -1.97 -2.84  5.87 
 185 -1.63 -2.84  5.87 
 186  4.40 -2.84  5.87 
 187 -1.83 -2.84  5.87 
 188 -0.44 -2.84  5.87 
 189  0.62 -2.84  5.87 
 190 -0.93 -2.84  5.87 
 191 -2.06 -2.84  5.87 
 192 -1.78 -2.84  5.87 
 193 -0.90 -2.84  5.87 
 194  0.24 -2.84  5.87 
 195 -1.54 -2.84  5.87 
 196 -0.80 -2.84  5.87 
 197 -1.57 -3.56  5.87 
 198 -1.36 -3.56  5.87 
 199 -0.71 -3.56  5.87 
 200 -1.85 -3.56  5.87 
 201 -1.06 -3.56  5.87 
 202 -1.94 -3.56  5.87 
 203 -3.08 -3.56  5.87 
 204 -0.46 -3.56  5.87 
 205 -2.03 -3.56  5.87 
 206  0.97 -3.56  5.87 
 207 -1.70 -3.56  5.87 
 208  2.08 -3.56  5.87 
 209 -2.04 -3.56  5.87 
 210 -1.91 -3.56  5.87 
 211 -1.38 -3.56  5.87 
 212 -3.11 -3.56  5.87 
 213 -1.87 -3.56  5.87 
 214 -2.00 -3.56  5.87 
 215 -2.05 -3.56  5.87 
 216  0.37 -3.56  5.87 
 217 -0.34 -3.56  5.87 
 218 -0.50 -3.56  5.87 
 219 -2.00 -3.56  5.87 
 220 -3.29 -3.56  5.87 
 221 -1.92 -3.56  5.87 
 222 -1.10 -3.56  5.87 
 223 -0.51 -3.56  5.87 
 224 -2.53 -3.56  5.87 
 225 -0.80 -3.56  5.87 
 226 -2.06 -3.56  5.87 
 227  1.33 -3.56  5.87 
 228 -2.17 -3.56  5.87 
 229 -0.07 -3.56  5.87 
 230 -3.06 -3.56  5.87 
 231 -2.77 -3.56  5.87 
 232 -2.54 -3.56  5.87 
 233 -1.75 -3.56  5.87 
 234 -3.82 -3.56  5.87 
 235 -2.95 -3.56  5.87 
 236 -0.48 -3.56  5.87 
 237 -1.91 -3.56  5.87 
 238 -0.19 -3.56  5.87 
 239 -2.01 -3.56  5.87 
 240 -1.97 -3.56  5.87 
 241 -0.34 -3.56  5.87 
 242 -1.06 -3.56  5.87 
 243 -1.09 -3.56  5.87 
 244 -1.49 -3.56  5.87 
 245 -1.85 -3.56  5.87 
 246 -1.79 -3.56  5.87 
 247 -0.77 -3.56  5.87 
 248 -1.05 -3.56  5.87 
 249 -2.29 -3.56  5.87 
 250 -0.54 -3.56  5.87 
 251 -1.92 -3.56  5.87 
 252 -0.71 -3.56  5.87 
 253 -0.31 -3.56  5.87 
 254 -2.15 -3.56  5.87 
 255 -0.76 -3.56  5.87 
 256 -2.13 -3.56  5.87 
 257 -2.91 -3.56  5.87 
 258 -1.68 -3.56  5.87 
 259 -0.70 -3.56  5.87 
 260 -1.09 -3.56  5.87 
 261 -1.14 -3.56  5.87 
 262 -1.81 -3.56  5.87 
 263 -1.54 -3.56  5.87 
 264 -2.34 -3.56  5.87 
 265 -1.37 -3.56  5.87 
 266 -2.52 -3.56  5.87 
 267 -2.39 -3.56  5.87 
 268 -2.29 -3.56  5.87 
 269 -1.88 -3.56  5.87 
 270 -2.67 -3.56  5.87 
 271 -1.79 -3.56  5.87 
 272 -2.89 -3.56  5.87 
 273 -2.26 -3.56  5.87 
 274 -1.72 -3.56  5.87 
 275 -2.34 -3.56  5.87 
 276 -1.79 -3.56  5.87 
 277 -1.87 -3.56  5.87 
 278 -0.83 -3.56  5.87 
 279 -0.91 -3.56  5.87 
 280 -2.35 -3.56  5.87 
 281 -2.54 -3.56  5.87 
 282 -1.72 -3.56  5.87 
 283 -1.66 -3.56  5.87 
 284 -0.90 -3.56  5.87 
 285 -0.80 -3.56  5.87 
 286 -1.86 -3.56  5.87 
 287 -2.14 -3.56  5.87 
 288  0.31 -3.56  5.87 
 289 -1.80 -3.56  5.87 
 290 -0.47 -3.56  5.87 
 291 -3.32 -3.56  5.87 
 292 -1.52 -3.56  5.87 
 293 -2.25 -3.56  5.87 
 294 -1.60 -3.56  5.87 
 295 -1.55 -3.56  5.87 
 296 -2.30 -3.56  5.87 
 297 -0.56 -3.56  5.87 
 298  2.29 -3.56  5.87 
 299 -2.31 -3.56  5.87 
 300  4.18 -3.56  5.87 
 301  2.24 -3.56  5.87 
 302 -1.47 -3.56  5.87 
 303  0.99 -3.56  5.87 
 304 -2.99 -3.56  5.87 
 305 -1.88 -3.56  5.87 
 306 -1.41 -3.56  5.87 
 307  0.70 -3.56  5.87 
 308 -2.27 -3.56  5.87 
 309  0.20 -3.56  5.87 
 310 -3.01 -3.56  5.87 
 311 -2.58 -3.56  5.87 
 312 -2.30 -3.56  5.87 
 313  2.74 -3.56  5.87 
 314  0.25 -3.56  5.87 
 315 -2.43 -3.56  5.87 
 316 -3.05 -3.56  5.87 
 317 -2.82 -3.56  5.87 
 318 -0.77 -3.56  5.87 
 319 -1.30 -3.56  5.87 
 320 -1.80 -3.56  5.87 
 321 -2.02 -3.56  5.87 
 322 -1.54 -3.56  5.87 
 323 -1.52 -3.56  5.87 
 324 -1.00 -3.56  5.87 
 325 -1.46 -3.56  5.87 
 326 -1.76 -3.56  5.87 
 327 -0.02 -3.56  5.87 
 328 -2.07 -3.56  5.87 
 329 -1.54 -3.56  5.87 
