Iter | Sampling Pol | Evaluation Pol | Best (Sampled) 
   0 -2.16 -4.16 -100000000.00 
   1  0.32 -3.79 -2.16 
   2 -1.70 -3.72  0.32 
   3 -0.67 -2.85  0.32 
   4  0.05 -1.73  0.32 
   5 -0.39 -3.48  0.32 
   6 -2.09 -3.47  0.32 
   7 -3.34 -2.46  0.32 
   8  0.32 -1.42  0.32 
   9 -2.96 -0.47  0.32 
  10 -1.06 -2.21  0.32 
  11 -1.98 -3.17  0.32 
  12  0.00 -1.81  0.32 
  13 -1.74 -0.13  0.32 
  14 -1.39 -0.81  0.32 
  15 -0.84  5.80  0.32 
  16 -2.34 11.40  0.32 
  17 -0.47  3.68  0.32 
  18 -1.36  6.33  0.32 
  19 -2.53  6.82  0.32 
  20 -0.57  7.82  0.32 
  21  0.60  7.02  0.32 
  22  4.62  6.24  0.60 
  23  5.26  3.92  4.62 
  24  1.74  8.62  5.26 
  25  3.27 35.06  5.26 
  26  9.90  5.01  5.26 
  27 10.98  5.82  9.90 
  28  4.09  9.76 10.98 
  29 13.38 10.91 10.98 
  30  6.98  1.69 13.38 
  31 12.50 16.09 13.38 
  32 18.20 26.74 13.38 
  33 12.91 48.45 18.20 
  34 35.92 26.00 18.20 
  35 40.09 44.34 35.92 
  36 19.77 23.42 40.09 
  37 27.08 90.20 40.09 
  38 46.87 41.50 40.09 
  39 35.97 83.52 46.87 
  40 27.68 38.45 46.87 
  41 42.24 62.24 46.87 
  42 40.62 34.12 46.87 
  43 36.50 47.32 46.87 
  44 53.76 105.96 46.87 
  45 41.90 95.62 53.76 
  46 42.54 94.85 53.76 
  47 65.77 155.68 53.76 
  48 60.23 90.77 65.77 
  49 83.17 121.26 65.77 
  50 87.58 66.46 83.17 
  51 85.78 107.14 87.58 
  52 81.64 178.73 87.58 
  53 124.56 163.50 87.58 
  54 108.74 161.60 124.56 
  55 93.73 181.38 124.56 
  56 87.31 224.85 124.56 
  57 114.30 203.88 124.56 
  58 165.45 360.20 124.56 
  59 132.59 242.25 165.45 
  60 148.67 242.11 165.45 
  61 166.02 260.28 165.45 
  62 152.38 214.23 166.02 
  63 161.24 337.45 166.02 
  64 202.40 363.46 166.02 
  65 245.79 241.33 202.40 
  66 232.38 358.98 245.79 
  67 227.59 339.32 245.79 
  68 224.06 347.58 245.79 
  69 240.55 320.80 245.79 
  70 296.69 321.83 245.79 
  71 301.74 292.37 296.69 
  72 338.96 429.55 301.74 
  73 389.05 404.82 338.96 
  74 439.02 501.41 389.05 
  75 334.97 539.36 439.02 
  76 414.39 692.08 439.02 
  77 412.10 679.13 439.02 
  78 490.00 749.48 439.02 
  79 509.25 966.50 490.00 
  80 582.75 890.84 509.25 
  81 547.39 1171.44 582.75 
  82 572.41 1164.41 582.75 
  83 693.06 1162.45 582.75 
  84 716.66 1175.67 693.06 
  85 683.24 1422.38 716.66 
  86 811.17 1450.33 716.66 
  87 860.92 1415.47 811.17 
  88 970.08 1455.13 860.92 
  89 976.93 1431.13 970.08 
  90 998.54 1393.52 976.93 
  91 1195.89 1259.88 998.54 
  92 1185.91 1348.76 1195.89 
  93 1144.14 1389.12 1195.89 
  94 1286.52 1688.94 1195.89 
  95 1445.64 1658.77 1286.52 
  96 1460.38 2041.68 1445.64 
  97 1569.35 1973.87 1460.38 
  98 1553.80 2181.55 1569.35 
  99 1587.02 2285.93 1569.35 
 100 1741.19 2244.17 1587.02 
 101 1885.74 2386.09 1741.19 
 102 1892.22 2511.85 1885.74 
 103 2006.35 2752.13 1892.22 
 104 1889.56 2676.81 2006.35 
 105 1965.09 2695.44 2006.35 
 106 2022.49 2439.54 2006.35 
 107 2164.19 2533.05 2022.49 
 108 2304.59 2472.03 2164.19 
 109 2467.25 2626.97 2304.59 
 110 2550.62 2500.81 2467.25 
 111 2355.85 2617.05 2550.62 
 112 2439.30 2689.94 2550.62 
 113 2603.19 2628.04 2550.62 
 114 2589.11 2666.57 2603.19 
 115 2703.74 2730.78 2603.19 
 116 2661.03 2858.57 2703.74 
 117 2755.15 2543.71 2703.74 
 118 2959.30 2444.58 2755.15 
 119 2861.33 2408.59 2959.30 
 120 2869.82 2365.60 2959.30 
 121 3045.16 2598.10 2959.30 
 122 3017.37 2964.68 3045.16 
 123 3012.59 3064.18 3045.16 
 124 3042.86 3207.93 3045.16 
 125 2999.72 2857.12 3045.16 
 126 3145.78 2711.09 3045.16 
 127 3048.82 3211.37 3145.78 
 128 3213.57 3570.05 3145.78 
 129 3225.06 3594.92 3213.57 
 130 3149.61 3519.61 3225.06 
 131 3249.99 3444.54 3225.06 
 132 3236.25 3435.85 3249.99 
 133 3310.13 3218.28 3249.99 
 134 3316.53 3424.29 3310.13 
 135 3391.27 3413.68 3316.53 
 136 3455.34 3410.55 3391.27 
 137 3504.47 3508.36 3455.34 
 138 3465.92 3494.11 3504.47 
 139 3540.44 3472.75 3504.47 
 140 3488.12 3586.16 3540.44 
 141 3448.28 3778.54 3540.44 
 142 3507.40 3777.41 3540.44 
 143 3450.60 3726.42 3540.44 
 144 3495.44 3539.35 3540.44 
 145 3573.57 3599.23 3540.44 
 146 3686.44 3729.78 3573.57 
 147 3705.65 3718.17 3686.44 
 148 3638.12 3690.29 3705.65 
 149 3772.44 3574.23 3705.65 
 150 3747.67 3732.72 3772.44 
 151 3600.56 3636.82 3772.44 
 152 3715.95 3608.95 3772.44 
 153 3744.01 3559.35 3772.44 
 154 3784.86 3756.10 3772.44 
 155 3852.73 3759.82 3784.86 
 156 3639.47 3859.13 3852.73 
 157 3754.27 3850.11 3852.73 
 158 3809.89 3661.41 3852.73 
 159 3719.83 3637.72 3852.73 
 160 3832.39 3632.02 3852.73 
 161 3741.22 3618.51 3852.73 
 162 3904.59 3186.54 3852.73 
 163 3818.94 3267.01 3904.59 
 164 3875.64 3520.77 3904.59 
 165 3890.56 3600.77 3904.59 
 166 3983.98 3640.43 3904.59 
 167 3802.78 3676.13 3983.98 
 168 3931.97 3539.97 3983.98 
 169 3928.13 3624.99 3983.98 
 170 3945.44 3687.93 3983.98 
 171 3970.14 3604.51 3983.98 
 172 4145.23 3531.70 3983.98 
 173 3998.74 3369.07 4145.23 
 174 4083.24 3554.18 4145.23 
 175 3995.03 3547.38 4145.23 
 176 4105.39 3725.42 4145.23 
 177 4001.22 3547.12 4145.23 
 178 3942.77 3514.91 4145.23 
 179 4100.58 3637.60 4145.23 
 180 3988.52 3613.08 4145.23 
 181 4078.71 3642.65 4145.23 
 182 4185.14 3673.51 4145.23 
 183 4110.04 3631.07 4185.14 
 184 4101.69 3757.13 4185.14 
 185 4107.24 3759.62 4185.14 
 186 4089.37 3813.76 4185.14 
 187 4129.11 3961.14 4185.14 
 188 4144.80 3962.91 4185.14 
 189 4082.50 4028.25 4185.14 
 190 4150.09 4057.97 4185.14 
 191 4110.64 3982.82 4185.14 
 192 4207.58 4063.13 4185.14 
 193 4151.27 4148.63 4207.58 
 194 4202.32 4160.55 4207.58 
 195 4203.04 4010.67 4207.58 
 196 4129.55 4026.82 4207.58 
 197 4206.93 4057.77 4207.58 
 198 4196.97 4070.90 4207.58 
 199 4230.29 4065.64 4207.58 
 200 4211.71 3982.76 4230.29 
