Iter | Sampling Pol | Evaluation Pol | Best (Sampled) 
   0 -2.16 -4.16 -100000000.00 
   1  0.32 -3.79 -2.16 
   2 -1.70 -3.72  0.32 
   3 -0.67 -2.85  0.32 
   4  0.05 -1.73  0.32 
   5 -0.39 -3.48  0.32 
   6 -2.09 -3.47  0.32 
   7 -3.34 -2.46  0.32 
   8  0.32 -1.37  0.32 
   9 -1.73  2.52  0.32 
  10  2.92  0.53  0.32 
  11 -2.34 -3.26  2.92 
  12 -2.06 -1.78  2.92 
  13 -2.25 -1.37  2.92 
  14 -0.97 -1.56  2.92 
  15 -1.31  3.85  2.92 
  16 -1.89  0.39  2.92 
  17 -2.43 -1.59  2.92 
  18 -2.13 -3.55  2.92 
  19 -3.09 -1.60  2.92 
  20 -3.13 -3.60  2.92 
  21 -3.36 -3.59  2.92 
  22 -2.79 -3.59  2.92 
  23 -3.68 -3.52  2.92 
  24 -3.48 -2.34  2.92 
  25 -3.74 -3.43  2.92 
  26 -2.66 -3.43  2.92 
  27 -2.60 -3.38  2.92 
  28 -3.47 -2.99  2.92 
  29 -2.76 -3.11  2.92 
  30 -1.65 -3.37  2.92 
  31 -2.78 -0.39  2.92 
  32 -0.94  6.90  2.92 
  33 -0.27 13.90  2.92 
  34  1.00 15.47  2.92 
  35  8.18 16.15  2.92 
  36  4.38 15.94  8.18 
  37  5.71 19.61  8.18 
  38  9.11 21.00  8.18 
  39  8.86 18.55  9.11 
  40 15.88 15.53  9.11 
  41 12.02 15.21 15.88 
  42  6.72 19.87 15.88 
  43 15.28 19.26 15.88 
  44 10.99 19.02 15.88 
  45 34.75 18.77 15.88 
  46 16.30 18.80 34.75 
  47 26.40 14.67 34.75 
  48 17.34 17.45 34.75 
  49 58.70 18.69 34.75 
  50 22.11 19.52 58.70 
  51 54.02 52.96 58.70 
  52 51.40 21.47 58.70 
  53 69.53 54.15 58.70 
  54 54.22 72.20 69.53 
  55 50.01 45.67 69.53 
  56 58.34 39.96 69.53 
  57 63.37 49.85 69.53 
  58 70.94 76.86 69.53 
  59 69.32 69.21 70.94 
  60 62.85 60.10 70.94 
  61 98.02 55.16 70.94 
  62 57.92 61.62 98.02 
  63 64.49 58.37 98.02 
  64 88.83 80.90 98.02 
  65 118.55 154.45 98.02 
  66 126.74 123.08 118.55 
  67 128.81 78.73 126.74 
  68 121.65 91.03 128.81 
  69 102.64 96.61 128.81 
  70 95.66 209.95 128.81 
  71 134.04 217.06 128.81 
  72 147.79 146.98 134.04 
  73 158.36 175.44 147.79 
  74 138.53 163.61 158.36 
  75 122.13 141.29 158.36 
  76 132.39 144.63 158.36 
  77 139.68 164.94 158.36 
  78 184.86 143.43 158.36 
  79 170.48 168.19 184.86 
  80 152.56 215.21 184.86 
  81 223.13 234.89 184.86 
  82 200.64 170.29 223.13 
  83 176.46 195.85 223.13 
  84 211.17 215.50 223.13 
  85 282.90 201.21 223.13 
  86 274.15 154.26 282.90 
  87 326.83 209.19 282.90 
  88 304.72 290.30 326.83 
  89 333.53 280.10 326.83 
  90 279.41 438.65 333.53 
  91 354.34 218.94 333.53 
  92 353.10 223.96 354.34 
  93 354.86 379.74 354.34 
  94 401.42 369.13 354.86 
  95 484.11 305.82 401.42 
  96 550.34 311.14 484.11 
  97 470.17 489.10 550.34 
  98 522.78 618.21 550.34 
  99 611.31 712.18 550.34 
 100 605.86 776.85 611.31 
 101 769.05 813.17 611.31 
 102 739.03 893.69 769.05 
 103 852.61 872.78 769.05 
 104 718.56 870.00 852.61 
 105 865.46 1117.20 852.61 
 106 876.61 1027.60 865.46 
 107 778.71 900.64 876.61 
 108 983.90 1211.34 876.61 
 109 996.65 1059.83 983.90 
 110 1084.82 1068.74 996.65 
 111 1149.70 1115.08 1084.82 
 112 1223.48 1252.82 1149.70 
 113 1123.41 1105.43 1223.48 
 114 1248.19 1190.90 1223.48 
 115 1295.55 1304.24 1248.19 
 116 1303.39 1325.59 1295.55 
 117 1393.83 1127.10 1303.39 
 118 1523.35 1168.85 1393.83 
 119 1523.37 1305.01 1523.35 
 120 1495.66 1295.25 1523.37 
 121 1762.38 1292.39 1523.37 
 122 1597.71 1336.46 1762.38 
 123 1778.00 1400.24 1762.38 
 124 2056.32 1599.81 1778.00 
 125 2007.89 1831.15 2056.32 
 126 1921.72 1931.25 2056.32 
 127 1935.48 1504.45 2056.32 
 128 2042.26 1838.49 2056.32 
 129 2030.71 1704.93 2056.32 
 130 2153.31 1837.20 2056.32 
 131 2262.55 2214.91 2153.31 
 132 2214.77 1834.88 2262.55 
 133 2421.08 1853.52 2262.55 
 134 2494.48 2211.54 2421.08 
 135 2549.16 2371.75 2494.48 
 136 2561.56 2421.82 2549.16 
 137 2457.86 2374.90 2561.56 
 138 2669.92 2201.69 2561.56 
 139 2730.24 2083.50 2669.92 
 140 2725.03 2399.47 2730.24 
 141 2705.13 2529.59 2730.24 
 142 2777.36 2684.10 2730.24 
 143 2757.74 2349.08 2777.36 
 144 2778.45 2350.79 2777.36 
 145 2906.23 2440.49 2778.45 
 146 2994.14 2525.19 2906.23 
 147 3068.73 2793.41 2994.14 
 148 2948.28 2916.09 3068.73 
 149 3053.50 2690.83 3068.73 
 150 3034.88 2819.97 3068.73 
 151 3095.29 2862.60 3068.73 
 152 3195.31 3067.40 3095.29 
 153 3241.81 3306.67 3195.31 
 154 3229.81 3389.58 3241.81 
 155 3325.40 3333.35 3241.81 
 156 3199.80 3458.23 3325.40 
 157 3426.41 3539.47 3325.40 
 158 3379.93 3186.57 3426.41 
 159 3414.82 3572.72 3426.41 
 160 3434.48 3521.29 3426.41 
 161 3463.69 3479.84 3434.48 
 162 3528.91 3159.61 3463.69 
 163 3543.17 3165.04 3528.91 
 164 3496.52 3488.40 3543.17 
 165 3545.71 3648.31 3543.17 
 166 3705.44 3540.06 3545.71 
 167 3510.34 3521.83 3705.44 
 168 3701.44 2967.51 3705.44 
 169 3580.80 3292.39 3705.44 
 170 3568.03 3153.98 3705.44 
 171 3632.15 3165.84 3705.44 
 172 3829.56 3081.36 3705.44 
 173 3671.18 3084.48 3829.56 
 174 3818.54 3546.93 3829.56 
 175 3687.90 3811.06 3829.56 
 176 3870.18 4021.54 3829.56 
 177 3761.80 4040.46 3870.18 
 178 3770.85 4023.31 3870.18 
 179 3967.85 4080.48 3870.18 
 180 3886.96 4156.55 3967.85 
 181 3939.15 4040.98 3967.85 
 182 3878.97 4089.04 3967.85 
 183 3894.24 4119.62 3967.85 
 184 3838.28 4051.71 3967.85 
 185 3969.32 3933.76 3967.85 
 186 3930.72 3891.73 3969.32 
 187 3917.19 3770.18 3969.32 
 188 3930.28 3904.99 3969.32 
 189 3912.50 3974.93 3969.32 
 190 3992.65 4045.16 3969.32 
 191 4022.20 4101.10 3992.65 
 192 4003.08 3995.02 4022.20 
 193 3976.05 3966.48 4022.20 
 194 3966.98 3903.94 4022.20 
 195 4038.82 3418.08 4022.20 
 196 4022.99 3569.07 4038.82 
 197 4118.57 3854.44 4038.82 
 198 4037.01 4021.77 4118.57 
 199 4095.79 3753.67 4118.57 
 200 4130.00 3624.01 4118.57 
