Iter | Sampling Pol | Evaluation Pol | Best (Sampled) 
   0 -2.19 -4.62 -100000000.00 
   1 -3.92 -4.38 -2.19 
   2 -2.34 -4.21 -2.19 
   3 -0.88 -3.80 -2.19 
   4 -2.26 -3.49 -0.88 
   5 -1.79 -3.60 -0.88 
   6 -2.30 -1.53 -0.88 
   7 -0.17 -1.68 -0.88 
   8 -0.40 -1.75 -0.17 
   9  3.79 -2.28 -0.17 
  10  1.35 -2.00  3.79 
  11  2.05  4.45  3.79 
  12  3.86  9.42  3.79 
  13  5.10  4.82  3.86 
  14 10.11 16.69  5.10 
  15  9.30 10.39 10.11 
  16  1.23 10.73 10.11 
  17  6.07  4.11 10.11 
  18  2.56  6.42 10.11 
  19  6.05  4.80 10.11 
  20  0.90  4.45 10.11 
  21 10.55  7.24 10.11 
  22  9.95 10.22 10.55 
  23 10.46  3.08 10.55 
  24  8.57  3.34 10.55 
  25 11.09  1.77 10.55 
  26 12.77  1.78 11.09 
  27 12.99 12.49 12.77 
  28  4.66 23.53 12.99 
  29 11.92 16.01 12.99 
  30 10.13 16.54 12.99 
  31 25.26 46.90 12.99 
  32 18.58 16.34 25.26 
  33 15.35 21.19 25.26 
  34 12.27 19.88 25.26 
  35 20.55  8.96 25.26 
  36 28.62 23.76 25.26 
  37 30.05 26.52 28.62 
  38 23.00 36.71 30.05 
  39 20.18 17.62 30.05 
  40 29.12 48.75 30.05 
  41 18.47 50.46 30.05 
  42 31.42 51.83 30.05 
  43 30.78 31.06 31.42 
  44 54.04 50.58 31.42 
  45 42.95 60.99 54.04 
  46 45.80 53.11 54.04 
  47 54.76 76.83 54.04 
  48 57.27 111.20 54.76 
  49 49.47 209.49 57.27 
  50 28.43 193.33 57.27 
  51 62.19 193.97 57.27 
  52 79.32 65.99 62.19 
  53 55.70 86.61 79.32 
  54 58.89 85.03 79.32 
  55 95.42 108.40 79.32 
  56 61.14 125.94 95.42 
  57 98.44 103.16 95.42 
  58 98.29 211.31 98.44 
  59 128.67 306.38 98.44 
  60 138.85 305.65 128.67 
  61 140.28 228.87 138.85 
  62 143.72 261.13 140.28 
  63 193.97 355.38 143.72 
  64 227.02 279.94 193.97 
  65 212.72 378.15 227.02 
  66 249.47 479.23 227.02 
  67 240.32 419.43 249.47 
  68 336.78 374.28 249.47 
  69 242.55 499.93 336.78 
  70 315.49 515.20 336.78 
  71 305.46 413.62 336.78 
  72 330.62 796.42 336.78 
  73 336.50 583.33 336.78 
  74 432.36 712.79 336.78 
  75 501.81 777.37 432.36 
  76 479.03 656.85 501.81 
  77 544.84 763.35 501.81 
  78 571.21 926.57 544.84 
  79 600.54 980.06 571.21 
  80 718.74 1110.49 600.54 
  81 694.88 1345.40 718.74 
  82 675.61 1475.01 718.74 
  83 777.79 1403.12 718.74 
  84 819.19 1532.62 777.79 
  85 798.21 1599.61 819.19 
  86 781.12 1494.53 819.19 
  87 997.31 1520.61 819.19 
  88 1059.95 1430.25 997.31 
  89 1070.38 1660.33 1059.95 
  90 992.21 1853.75 1070.38 
  91 1220.16 1809.97 1070.38 
  92 1038.52 1986.69 1220.16 
  93 1237.92 2257.37 1220.16 
  94 1290.25 2045.81 1237.92 
  95 1400.28 2033.19 1290.25 
  96 1477.44 2017.94 1400.28 
  97 1377.59 1882.86 1477.44 
  98 1530.02 2084.73 1477.44 
  99 1606.66 2171.26 1530.02 
 100 1586.13 2121.38 1606.66 
 101 1701.16 2202.70 1606.66 
 102 1730.52 2124.85 1701.16 
 103 1898.99 2240.06 1730.52 
 104 1845.29 2431.14 1898.99 
 105 1830.66 2500.57 1898.99 
 106 1966.67 2441.12 1898.99 
 107 1966.06 2460.69 1966.67 
 108 2047.81 2574.88 1966.67 
 109 2002.94 2361.62 2047.81 
 110 2093.82 2477.50 2047.81 
 111 2323.30 2425.88 2093.82 
 112 2204.29 2634.41 2323.30 
 113 2250.80 2269.99 2323.30 
 114 2344.83 2395.74 2323.30 
 115 2561.44 2574.07 2344.83 
 116 2287.01 2425.48 2561.44 
 117 2577.59 2982.17 2561.44 
 118 2520.48 2842.52 2577.59 
 119 2593.21 2814.51 2577.59 
 120 2454.85 2926.35 2593.21 
 121 2675.04 2998.10 2593.21 
 122 2628.22 2929.05 2675.04 
 123 2733.86 2539.32 2675.04 
 124 2716.42 2489.61 2733.86 
 125 2744.49 2794.06 2733.86 
 126 2837.38 2710.88 2744.49 
 127 2996.18 2321.06 2837.38 
 128 2902.84 2738.33 2996.18 
 129 2843.75 2813.38 2996.18 
 130 2957.57 2711.45 2996.18 
 131 2979.47 2735.71 2996.18 
 132 3066.45 2972.90 2996.18 
 133 2969.53 2789.49 3066.45 
 134 3056.29 2533.71 3066.45 
 135 3036.00 2790.24 3066.45 
 136 3037.18 3038.14 3066.45 
 137 3284.68 2947.79 3066.45 
 138 3216.80 3055.09 3284.68 
 139 3139.09 2654.24 3284.68 
 140 3167.30 2652.16 3284.68 
 141 3275.04 2977.11 3284.68 
 142 3250.09 3158.89 3284.68 
 143 3247.18 3004.43 3284.68 
 144 3317.08 3402.63 3284.68 
 145 3305.83 3359.14 3317.08 
 146 3353.25 3280.68 3317.08 
 147 3424.75 3585.97 3353.25 
 148 3440.64 3458.38 3424.75 
 149 3492.32 3620.60 3440.64 
 150 3476.89 3619.15 3492.32 
 151 3504.79 3705.96 3492.32 
 152 3424.51 3481.64 3504.79 
 153 3386.34 3299.79 3504.79 
 154 3482.63 3246.93 3504.79 
 155 3485.00 3496.09 3504.79 
 156 3542.23 3423.11 3504.79 
 157 3515.43 3503.22 3542.23 
 158 3526.19 3531.99 3542.23 
 159 3590.92 3430.79 3542.23 
 160 3636.38 3598.69 3590.92 
 161 3580.65 3597.94 3636.38 
 162 3418.28 3432.48 3636.38 
 163 3646.60 3562.06 3636.38 
 164 3513.59 3606.79 3646.60 
 165 3594.17 3416.30 3646.60 
 166 3665.31 3625.13 3646.60 
 167 3707.78 3269.49 3665.31 
 168 3722.78 2811.50 3707.78 
 169 3611.89 3361.88 3722.78 
 170 3676.30 3603.80 3722.78 
 171 3659.83 3598.70 3722.78 
 172 3723.02 3490.08 3722.78 
 173 3635.11 3276.51 3723.02 
 174 3750.55 3345.60 3723.02 
 175 3582.87 3213.37 3750.55 
 176 3767.36 3440.92 3750.55 
 177 3676.34 3330.10 3767.36 
 178 3725.78 3480.13 3767.36 
 179 3810.00 3710.34 3767.36 
 180 3708.09 3236.13 3810.00 
 181 3781.66 3244.38 3810.00 
 182 3697.87 3370.45 3810.00 
 183 3860.69 3661.74 3810.00 
 184 3681.84 3511.23 3860.69 
 185 3822.16 3680.18 3860.69 
 186 3859.28 4059.39 3860.69 
 187 3890.72 3429.07 3860.69 
 188 3826.37 3590.24 3890.72 
 189 3839.97 3697.63 3890.72 
 190 3948.21 3456.24 3890.72 
 191 3794.40 3792.19 3948.21 
 192 3879.12 3414.93 3948.21 
 193 3772.26 3644.06 3948.21 
 194 3815.90 3360.64 3948.21 
 195 3906.77 3602.80 3948.21 
 196 3817.12 3542.17 3948.21 
 197 3737.71 3523.13 3948.21 
 198 3913.65 3240.07 3948.21 
 199 3916.60 3337.61 3948.21 
 200 3914.92 3588.42 3948.21 
