Iter | Sampling Pol | Evaluation Pol | Best (Sampled) 
   0 -2.16 -4.38 -100000000.00 
   1 -0.30 -4.38 -2.16 
   2 -2.13 -4.38 -0.30 
   3 -1.73 -4.38 -0.30 
   4 -2.01 -4.38 -0.30 
   5 -2.32 -4.38 -0.30 
   6 -3.87 -4.38 -0.30 
   7  0.40 -4.38 -0.30 
   8 -3.27 -4.38  0.40 
   9 -4.14 -4.38  0.40 
  10 -2.22 -4.38  0.40 
  11 -2.96 -4.38  0.40 
  12 -3.26 -4.38  0.40 
  13 -3.74 -4.38  0.40 
  14 -2.68 -4.38  0.40 
  15 -3.29 -4.38  0.40 
  16 -1.92 -4.38  0.40 
  17 -2.32 -4.38  0.40 
  18 -2.22 -4.38  0.40 
  19 -0.09 -4.38  0.40 
  20 -4.24 -4.38  0.40 
  21 -3.04 -4.38  0.40 
  22 -3.62 -4.38  0.40 
  23 -3.31 -4.38  0.40 
  24 -3.58 -4.38  0.40 
  25 -4.05 -4.38  0.40 
  26 -3.59 -4.38  0.40 
  27 -2.20 -4.38  0.40 
  28 -2.10 -4.38  0.40 
  29 -3.47 -4.38  0.40 
  30 -2.66 -4.38  0.40 
  31  0.15 -4.38  0.40 
  32 -3.13 -4.38  0.40 
  33 -3.71 -4.38  0.40 
  34 -2.67 -4.38  0.40 
  35 -3.47 -4.38  0.40 
  36 -4.02 -4.38  0.40 
  37 -2.34 -4.38  0.40 
  38  2.46 -4.38  0.40 
  39 -3.29 -4.38  2.46 
  40 -4.39 -4.38  2.46 
  41 -3.81 -4.38  2.46 
