Iter | Sampling Pol | Evaluation Pol | Best (Sampled) 
   0 -2.16 -4.16 -100000000.00 
   1  2.44 -3.75 -2.16 
   2 -2.57 -3.27  2.44 
   3 -0.00 -2.41  2.44 
   4  0.50 -2.42  2.44 
   5  3.21 -2.27  2.44 
   6 -2.40 -3.37  3.21 
   7 -3.02 -0.71  3.21 
   8 -0.29  0.32  3.21 
   9 -2.18 -0.71  3.21 
  10 -0.89 -1.15  3.21 
  11 -2.86 -1.02  3.21 
  12 -0.16  0.13  3.21 
  13 -1.80  2.30  3.21 
  14 -0.63  0.70  3.21 
  15 -0.51  5.57  3.21 
  16 -2.67  1.79  3.21 
  17 -2.25  0.90  3.21 
  18  0.52  2.83  3.21 
  19 -2.27  3.48  3.21 
  20 -1.47  1.39  3.21 
  21  0.02  2.26  3.21 
  22 -1.35 -2.87  3.21 
  23  1.56 -0.07  3.21 
  24 -2.34 -1.42  3.21 
  25 -1.66 -3.15  3.21 
  26  2.91  0.15  3.21 
  27  0.51 -3.06  3.21 
  28 -2.19 -1.04  3.21 
  29 -1.79 -3.02  3.21 
  30  0.28 -1.03  3.21 
  31 -0.51 -3.07  3.21 
  32 -0.99 -3.11  3.21 
  33  4.45 -3.13  3.21 
  34 -0.42 -3.10  4.45 
  35  0.06 -3.04  4.45 
  36  0.81 -3.04  4.45 
  37 -2.21 -2.99  4.45 
  38 -1.07 -3.03  4.45 
  39 -1.75 -2.99  4.45 
  40  0.58 -3.01  4.45 
  41 -1.66 -3.04  4.45 
  42 -2.06 -3.05  4.45 
  43 -0.80 -3.11  4.45 
  44 -1.46 -3.17  4.45 
  45 -1.50 -3.16  4.45 
  46 -1.09 -3.12  4.45 
  47  0.94 -3.17  4.45 
  48 -2.59 -3.17  4.45 
  49 -0.40 -3.13  4.45 
  50  1.60 -0.66  4.45 
  51  4.29 -2.55  4.45 
  52  6.99 -2.26  4.45 
  53  8.40 -0.05  6.99 
  54  7.40  9.35  8.40 
  55 11.56  8.02  8.40 
  56 11.27 10.84 11.56 
  57 25.31 11.83 11.56 
  58 10.47 12.56 25.31 
  59 23.90  6.03 25.31 
  60 12.61 14.97 25.31 
  61 25.96 15.90 25.31 
  62  9.85 16.61 25.96 
  63 21.17 16.75 25.96 
  64 21.32 21.30 25.96 
  65 27.34 19.83 25.96 
  66 29.96 24.18 27.34 
  67 46.43 24.15 29.96 
  68 32.03 27.34 46.43 
  69 30.27 31.65 46.43 
  70 32.93 27.17 46.43 
  71 43.75 31.53 46.43 
  72 35.71 46.77 46.43 
  73 39.70 35.34 46.43 
  74 52.29 30.10 46.43 
  75 42.29 47.71 52.29 
  76 63.09 41.39 52.29 
  77 41.02 51.92 63.09 
  78 64.17 49.03 63.09 
  79 69.97 71.11 64.17 
  80 69.06 74.38 69.97 
  81 65.32 88.09 69.97 
  82 61.30 91.07 69.97 
  83 83.00 91.08 69.97 
  84 96.14 89.26 83.00 
  85 106.16 100.13 96.14 
  86 143.87 96.91 106.16 
  87 104.22 120.79 143.87 
  88 103.14 160.59 143.87 
  89 121.72 120.38 143.87 
  90 79.06 136.27 143.87 
  91 149.37 145.18 143.87 
  92 127.29 178.20 149.37 
  93 149.17 213.35 149.37 
  94 141.58 192.20 149.37 
  95 211.38 161.39 149.37 
  96 230.07 241.53 211.38 
  97 187.44 184.06 230.07 
  98 188.41 149.40 230.07 
  99 219.03 211.97 230.07 
 100 188.77 229.87 230.07 
 101 287.49 241.34 230.07 
 102 255.46 254.18 287.49 
 103 380.60 233.58 287.49 
 104 307.65 342.96 380.60 
 105 343.32 401.61 380.60 
 106 333.61 490.84 380.60 
 107 383.59 587.89 380.60 
 108 417.59 444.21 383.59 
 109 398.03 562.42 417.59 
 110 478.36 494.78 417.59 
 111 472.14 513.64 478.36 
 112 557.00 599.41 478.36 
 113 690.86 366.04 557.00 
 114 718.65 486.32 690.86 
 115 739.10 392.23 718.65 
 116 644.56 456.05 739.10 
 117 818.26 555.66 739.10 
 118 876.47 465.80 818.26 
 119 773.58 570.13 876.47 
 120 906.54 681.41 876.47 
 121 1084.64 480.57 906.54 
 122 996.05 576.26 1084.64 
 123 873.88 526.26 1084.64 
 124 1063.96 663.72 1084.64 
 125 1158.75 945.77 1084.64 
 126 1309.30 802.54 1158.75 
 127 1049.18 900.52 1309.30 
 128 1177.55 832.70 1309.30 
 129 1217.79 747.37 1309.30 
 130 1493.39 892.83 1309.30 
 131 1341.12 835.50 1493.39 
 132 1516.08 1122.49 1493.39 
 133 1689.98 1051.19 1516.08 
 134 1633.68 994.05 1689.98 
 135 1675.28 1111.46 1689.98 
 136 1876.33 1123.02 1689.98 
 137 1820.29 1065.96 1876.33 
 138 2050.50 1029.25 1876.33 
 139 2118.07 834.79 2050.50 
 140 2100.95 888.14 2118.07 
 141 2080.33 983.26 2118.07 
 142 2031.22 947.27 2118.07 
 143 2105.18 1189.85 2118.07 
 144 2213.56 1324.20 2118.07 
 145 2316.40 1333.10 2213.56 
 146 2330.57 1418.25 2316.40 
 147 2321.22 1368.72 2330.57 
 148 2399.10 1396.23 2330.57 
 149 2636.87 1403.33 2399.10 
 150 2587.08 1187.67 2636.87 
 151 2593.09 1087.16 2636.87 
 152 2729.10 1396.60 2636.87 
 153 2697.06 1490.71 2729.10 
 154 2673.40 1255.84 2729.10 
 155 2859.13 1664.24 2729.10 
 156 2807.31 1601.88 2859.13 
 157 2949.20 1623.42 2859.13 
 158 3097.17 1686.01 2949.20 
 159 2888.35 1655.95 3097.17 
 160 3013.33 1801.42 3097.17 
 161 2925.69 1804.19 3097.17 
 162 3094.80 1678.55 3097.17 
 163 3090.52 1535.74 3097.17 
 164 3188.66 1711.65 3097.17 
 165 3227.35 1961.89 3188.66 
 166 3359.79 2237.40 3227.35 
 167 3232.56 2350.40 3359.79 
 168 3260.44 2376.86 3359.79 
 169 3238.56 2625.58 3359.79 
 170 3374.42 2297.00 3359.79 
 171 3346.21 2118.83 3374.42 
 172 3534.85 2240.32 3374.42 
 173 3493.52 2344.36 3534.85 
 174 3703.11 2513.80 3534.85 
 175 3449.79 2354.13 3703.11 
 176 3567.62 2449.60 3703.11 
 177 3501.94 2715.11 3703.11 
 178 3432.12 2438.94 3703.11 
 179 3498.63 2681.22 3703.11 
 180 3473.24 2782.33 3703.11 
 181 3605.31 2544.02 3703.11 
 182 3634.69 2416.95 3703.11 
 183 3639.96 2699.03 3703.11 
 184 3629.77 2218.00 3703.11 
 185 3603.60 2438.56 3703.11 
 186 3774.88 2338.68 3703.11 
 187 3629.99 2579.98 3774.88 
 188 3649.22 2343.76 3774.88 
 189 3689.26 2161.32 3774.88 
 190 3815.84 2184.73 3774.88 
 191 3682.47 2404.65 3815.84 
 192 3805.53 2855.63 3815.84 
 193 3740.79 2788.93 3815.84 
 194 3809.74 2884.88 3815.84 
 195 3774.85 2719.61 3815.84 
 196 3723.83 2443.12 3815.84 
 197 3813.74 2526.45 3815.84 
 198 3806.72 2534.82 3815.84 
 199 3892.03 2452.41 3815.84 
 200 3895.65 2089.46 3892.03 
