Iter | Sampling Pol | Evaluation Pol | Best (Sampled) 
   0 -3.98 -6.25 -100000000.00 
   1 -1.92 -5.95 -3.98 
   2 -3.42 -5.91 -1.92 
   3  1.29 -5.92 -1.92 
   4 -3.29 -5.72  1.29 
   5 -2.28 -5.57  1.29 
   6 -3.84 -5.51  1.29 
   7  2.22 -5.06  1.29 
   8 -3.81 -0.35  2.22 
   9 -3.48  0.14  2.22 
  10  2.34 12.54  2.22 
  11  1.22 -3.90  2.34 
  12 -2.90  1.44  2.34 
  13 -2.75 -4.92  2.34 
  14  0.40 -0.69  2.34 
  15 -1.92 -1.20  2.34 
  16 -3.01 12.53  2.34 
  17  1.22  3.84  2.34 
  18 -0.33  4.79  2.34 
  19 -1.00  6.16  2.34 
  20  5.10  1.53  2.34 
  21 -2.79  4.89  5.10 
  22  4.70  6.36  5.10 
  23  5.83  5.48  5.10 
  24  2.24  4.65  5.83 
  25  2.36 16.90  5.83 
  26 14.26 12.73  5.83 
  27 11.07 47.34 14.26 
  28  6.05 24.51 14.26 
  29 13.64 61.39 14.26 
  30  7.71  9.66 14.26 
  31  6.84 22.38 14.26 
  32 13.80 36.91 14.26 
  33  8.74 60.08 14.26 
  34 12.20 17.60 14.26 
  35  8.59 53.21 14.26 
  36 15.55 26.13 14.26 
  37 18.05 34.45 15.55 
  38  7.74 21.18 18.05 
  39 14.22 15.80 18.05 
  40 26.56 13.06 18.05 
  41 12.80 12.85 26.56 
  42 18.66 16.70 26.56 
  43 20.77 33.23 26.56 
  44 29.94 46.69 26.56 
  45 19.51 12.43 29.94 
  46 33.07 30.59 29.94 
  47 17.19 21.55 33.07 
  48 25.72 36.60 33.07 
  49 26.42 85.46 33.07 
  50 26.33 48.28 33.07 
  51 36.50 59.92 33.07 
  52 32.00 42.54 36.50 
  53 24.64 64.37 36.50 
  54 31.48 45.86 36.50 
  55 33.86 52.50 36.50 
  56 38.70 68.16 36.50 
  57 23.89 58.89 38.70 
  58 42.52 125.65 38.70 
  59 52.53 104.09 42.52 
  60 55.54 107.99 52.53 
  61 70.30 149.12 55.54 
  62 46.28 119.62 70.30 
  63 62.27 82.14 70.30 
  64 60.69 105.21 70.30 
  65 63.99 185.87 70.30 
  66 72.30 156.90 70.30 
  67 105.96 219.11 72.30 
  68 81.60 270.30 105.96 
  69 89.20 220.25 105.96 
  70 76.21 298.00 105.96 
  71 114.41 308.80 105.96 
  72 142.30 210.45 114.41 
  73 107.13 295.29 142.30 
  74 175.35 316.67 142.30 
  75 97.06 357.87 175.35 
  76 132.98 355.91 175.35 
  77 144.06 425.21 175.35 
  78 180.72 533.63 175.35 
  79 164.30 522.77 180.72 
  80 164.41 737.17 180.72 
  81 270.42 689.94 180.72 
  82 230.42 640.40 270.42 
  83 260.03 615.02 270.42 
  84 294.37 726.76 270.42 
  85 229.08 721.36 294.37 
  86 305.35 789.03 294.37 
  87 320.96 833.58 305.35 
  88 381.49 733.21 320.96 
  89 332.57 708.60 381.49 
  90 364.99 846.31 381.49 
  91 413.09 818.22 381.49 
  92 377.35 1116.64 413.09 
  93 427.59 1245.72 413.09 
  94 452.46 1089.19 427.59 
  95 508.95 1050.57 452.46 
  96 485.21 1039.18 508.95 
  97 558.16 1078.00 508.95 
  98 627.47 1179.43 558.16 
  99 624.63 1088.89 627.47 
 100 678.13 1036.82 627.47 
 101 756.30 1047.30 678.13 
 102 746.54 1158.77 756.30 
 103 921.27 1256.62 756.30 
 104 720.56 1233.03 921.27 
 105 908.54 1220.91 921.27 
 106 929.57 1494.57 921.27 
 107 973.10 1514.19 929.57 
 108 1107.30 1604.15 973.10 
 109 1033.75 1530.80 1107.30 
 110 1097.63 1618.49 1107.30 
 111 1314.49 1739.16 1107.30 
 112 1134.81 1898.46 1314.49 
 113 1261.29 2067.12 1314.49 
 114 1464.09 2001.57 1314.49 
 115 1269.79 2205.86 1464.09 
 116 1585.36 2242.40 1464.09 
 117 1578.98 2319.99 1585.36 
 118 1506.28 2204.62 1585.36 
 119 1606.57 2516.91 1585.36 
 120 1581.41 2412.08 1606.57 
 121 1730.89 2407.27 1606.57 
 122 1836.03 2511.03 1730.89 
 123 1935.16 2580.64 1836.03 
 124 1977.15 2665.74 1935.16 
 125 2014.22 2680.27 1977.15 
 126 2236.11 2900.05 2014.22 
 127 2051.80 2774.51 2236.11 
 128 2114.73 2650.00 2236.11 
 129 2189.19 2862.68 2236.11 
 130 2172.99 2864.50 2236.11 
 131 2167.94 2918.53 2236.11 
 132 2249.73 3050.82 2236.11 
 133 2423.64 2974.87 2249.73 
 134 2522.88 2800.05 2423.64 
 135 2540.92 2997.79 2522.88 
 136 2663.01 3107.56 2540.92 
 137 2575.75 3067.47 2663.01 
 138 2732.67 3143.79 2663.01 
 139 2760.57 3035.41 2732.67 
 140 2689.12 3223.95 2760.57 
 141 2704.35 3054.13 2760.57 
 142 2704.03 3168.19 2760.57 
 143 2734.04 3124.46 2760.57 
 144 2712.46 3156.28 2760.57 
 145 2804.15 3192.96 2760.57 
 146 2969.44 3446.34 2804.15 
 147 2912.16 3432.24 2969.44 
 148 2992.27 3375.85 2969.44 
 149 3031.49 3289.10 2992.27 
 150 2979.13 3314.68 3031.49 
 151 2958.00 3434.81 3031.49 
 152 3077.01 3494.16 3031.49 
 153 3178.61 3428.06 3077.01 
 154 3111.37 3286.25 3178.61 
 155 3080.59 3415.77 3178.61 
 156 3154.07 3422.61 3178.61 
 157 3264.97 3535.16 3178.61 
 158 3253.91 3503.04 3264.97 
 159 3261.20 3459.17 3264.97 
 160 3129.19 3509.16 3264.97 
 161 3176.55 3492.68 3264.97 
 162 3360.50 3482.94 3264.97 
 163 3364.12 3402.63 3360.50 
 164 3431.98 3284.24 3364.12 
 165 3333.39 3377.51 3431.98 
 166 3571.58 3524.56 3431.98 
 167 3437.36 3641.37 3571.58 
 168 3511.25 3698.02 3571.58 
 169 3372.59 3769.12 3571.58 
 170 3480.08 3785.42 3571.58 
 171 3404.95 3717.70 3571.58 
 172 3603.42 3682.19 3571.58 
 173 3499.68 3686.36 3603.42 
 174 3575.85 3602.54 3603.42 
 175 3432.93 3499.96 3603.42 
 176 3615.71 3563.59 3603.42 
 177 3493.64 3703.94 3615.71 
 178 3425.21 3695.41 3615.71 
 179 3568.57 3636.77 3615.71 
 180 3489.84 3640.60 3615.71 
 181 3567.48 3645.50 3615.71 
 182 3650.28 3892.66 3615.71 
 183 3551.60 3899.19 3650.28 
 184 3499.16 3789.13 3650.28 
 185 3603.29 3719.59 3650.28 
 186 3568.17 3722.82 3650.28 
 187 3728.06 3654.15 3650.28 
 188 3695.08 3674.73 3728.06 
 189 3711.67 3747.56 3728.06 
 190 3681.90 3755.31 3728.06 
 191 3648.10 3905.99 3728.06 
 192 3796.76 3816.10 3728.06 
 193 3666.46 3924.77 3796.76 
 194 3674.23 3830.93 3796.76 
 195 3805.32 3770.24 3796.76 
 196 3757.08 3918.84 3805.32 
 197 3683.97 3836.73 3805.32 
 198 3764.38 3859.71 3805.32 
 199 3830.01 3973.79 3805.32 
 200 3733.66 3846.12 3830.01 
