Iter | Sampling Pol | Evaluation Pol | Best (Sampled) 
   0 -2218.11 -2138.27 -100000000.00 
   1 -2118.91 -2067.31 -2218.11 
   2 -2067.65 -2011.12 -2118.91 
   3 -2008.53 -2003.38 -2067.65 
   4 -1977.18 -2003.12 -2008.53 
   5 -1977.33 -2003.11 -1977.18 
   6 -1991.22 -1953.79 -1977.18 
   7 -1973.80 -1954.27 -1977.18 
   8 -1959.01 -1945.01 -1973.80 
   9 -1977.28 -1938.41 -1959.01 
  10 -1973.84 -1915.09 -1959.01 
  11 -1987.33 -1715.35 -1959.01 
  12 -1956.29 -1895.59 -1959.01 
  13 -1949.93 -1756.64 -1956.29 
  14 -1989.08 -1812.62 -1949.93 
  15 -1960.75 -1729.34 -1949.93 
  16 -1972.22 -1607.84 -1949.93 
  17 -1955.46 -1651.80 -1949.93 
  18 -1963.27 -1581.69 -1949.93 
  19 -1949.86 -1673.09 -1949.93 
  20 -1969.40 -1693.94 -1949.86 
  21 -1960.54 -1538.17 -1949.86 
  22 -1980.49 -1685.45 -1949.86 
  23 -1959.22 -1482.15 -1949.86 
  24 -1903.11 -1610.07 -1949.86 
  25 -1925.84 -1514.71 -1903.11 
  26 -1945.78 -1643.00 -1903.11 
  27 -1916.44 -1554.61 -1903.11 
  28 -1935.13 -1675.41 -1903.11 
  29 -1937.30 -1621.14 -1903.11 
  30 -1949.75 -1715.87 -1903.11 
  31 -1944.60 -1817.50 -1903.11 
  32 -1911.48 -1766.75 -1903.11 
  33 -1931.84 -1651.59 -1903.11 
  34 -1947.28 -1685.49 -1903.11 
  35 -1941.64 -1672.07 -1903.11 
  36 -1949.22 -1625.16 -1903.11 
  37 -1871.75 -1732.04 -1903.11 
  38 -1858.63 -1733.20 -1871.75 
  39 -1902.77 -1626.04 -1858.63 
  40 -1909.92 -1562.38 -1858.63 
  41 -1901.11 -1464.81 -1858.63 
  42 -1866.53 -1558.67 -1858.63 
  43 -1881.94 -1554.90 -1858.63 
  44 -1838.46 -1516.19 -1858.63 
  45 -1828.07 -1429.91 -1838.46 
  46 -1812.34 -1356.82 -1828.07 
  47 -1832.83 -1400.34 -1812.34 
  48 -1781.75 -1363.32 -1812.34 
  49 -1802.00 -1059.18 -1781.75 
  50 -1812.52 -1093.45 -1781.75 
  51 -1740.33 -1007.36 -1781.75 
  52 -1733.84 -1038.25 -1740.33 
  53 -1710.84 -1082.57 -1733.84 
  54 -1768.83 -1004.66 -1710.84 
  55 -1675.94 -1139.70 -1710.84 
  56 -1635.93 -896.91 -1675.94 
  57 -1658.14 -731.86 -1635.93 
  58 -1479.50 -893.40 -1635.93 
  59 -1556.39 -741.68 -1479.50 
  60 -1441.27 -630.22 -1479.50 
  61 -1395.23 -628.26 -1441.27 
  62 -1522.84 -704.13 -1395.23 
  63 -1321.97 -664.70 -1395.23 
  64 -1375.25 -636.80 -1321.97 
  65 -1278.80 -705.23 -1321.97 
  66 -1286.18 -620.99 -1278.80 
  67 -1230.86 -482.11 -1278.80 
  68 -1128.57 -472.69 -1230.86 
  69 -1241.04 -375.88 -1128.57 
  70 -1111.87 -375.48 -1128.57 
  71 -996.36 -402.14 -1111.87 
  72 -931.98 -419.93 -996.36 
  73 -1003.76 -262.69 -931.98 
  74 -970.66 -389.71 -931.98 
  75 -822.80 -338.68 -931.98 
  76 -844.65 -291.58 -822.80 
  77 -775.77 -251.50 -822.80 
  78 -717.51 -222.24 -775.77 
  79 -802.75 -236.61 -717.51 
  80 -624.86 -140.31 -717.51 
  81 -664.60 -232.65 -624.86 
  82 -616.13 -164.99 -624.86 
  83 -604.98 -260.60 -616.13 
  84 -611.81 -262.08 -604.98 
  85 -584.99 -223.80 -604.98 
  86 -574.72 -230.98 -584.99 
  87 -563.24 -249.55 -574.72 
  88 -498.36 -184.41 -563.24 
  89 -468.78 -210.03 -498.36 
  90 -496.21 -169.45 -468.78 
  91 -450.80 -175.82 -468.78 
  92 -517.71 -170.94 -450.80 
  93 -490.03 -137.66 -450.80 
  94 -386.14 -145.25 -450.80 
  95 -413.68 -163.03 -386.14 
  96 -401.04 -191.37 -386.14 
  97 -354.26 -183.85 -386.14 
  98 -327.84 -172.79 -354.26 
  99 -285.32 -167.45 -327.84 
 100 -327.53 -148.07 -285.32 
 101 -290.36 -171.49 -285.32 
 102 -331.85 -133.82 -285.32 
 103 -248.11 -53.08 -285.32 
 104 -189.42 -46.93 -248.11 
 105 -256.89 -133.24 -189.42 
 106 -173.31 -173.91 -189.42 
 107 -205.50 -101.73 -173.31 
 108 -211.30 -125.13 -173.31 
 109 -122.14 -8.11 -173.31 
 110 -21.73 -3.04 -122.14 
 111 -94.09 17.22 -21.73 
 112 -100.56 46.26 -21.73 
 113 -18.35 143.96 -21.73 
 114 -13.61 33.27 -18.35 
 115 173.01 95.56 -13.61 
 116 80.90 217.35 173.01 
 117 214.39 333.41 173.01 
 118 207.26 330.16 214.39 
 119 313.04 172.38 214.39 
 120 285.38 357.59 313.04 
 121 434.61 453.06 313.04 
 122 462.81 392.89 434.61 
 123 453.72 694.20 462.81 
 124 559.72 709.91 462.81 
 125 657.26 760.54 559.72 
 126 768.79 761.32 657.26 
 127 806.74 489.47 768.79 
 128 814.01 678.15 806.74 
 129 958.81 1193.66 814.01 
 130 946.35 956.54 958.81 
 131 927.01 1165.57 958.81 
 132 1249.53 1024.36 958.81 
 133 1317.63 1340.10 1249.53 
 134 1246.38 1781.49 1317.63 
 135 1559.34 1678.46 1317.63 
 136 1429.34 1686.35 1559.34 
 137 1417.75 1645.48 1559.34 
 138 1799.06 2071.80 1559.34 
 139 1785.27 2166.73 1799.06 
 140 1941.17 2251.39 1799.06 
 141 2058.92 2399.35 1941.17 
 142 2143.35 2361.45 2058.92 
 143 2168.74 2384.41 2143.35 
 144 2297.51 2471.87 2168.74 
 145 2202.44 2712.93 2297.51 
 146 2548.14 2802.38 2297.51 
 147 2676.72 2968.75 2548.14 
 148 2819.24 2814.55 2676.72 
 149 2873.91 2681.81 2819.24 
 150 2622.53 2876.91 2873.91 
 151 2969.29 3057.01 2873.91 
 152 2806.89 2883.90 2969.29 
 153 2881.26 3223.04 2969.29 
 154 2835.45 3234.67 2969.29 
 155 3002.94 3356.52 2969.29 
 156 3025.51 3267.07 3002.94 
 157 3073.78 3162.02 3025.51 
 158 3057.08 3236.25 3073.78 
 159 3075.44 3103.45 3073.78 
 160 3120.03 2941.83 3075.44 
 161 3313.91 3326.10 3120.03 
 162 3324.81 3287.44 3313.91 
 163 3366.96 3340.44 3324.81 
 164 3290.28 3143.45 3366.96 
 165 3421.22 3213.77 3366.96 
 166 3398.89 3455.87 3421.22 
 167 3474.26 3579.37 3421.22 
 168 3368.64 3559.09 3474.26 
 169 3325.80 3766.08 3474.26 
 170 3392.47 3576.92 3474.26 
 171 3423.01 2916.84 3474.26 
 172 3694.24 2616.27 3474.26 
 173 3517.07 3642.24 3694.24 
 174 3510.98 3686.67 3694.24 
 175 3376.20 3767.83 3694.24 
 176 3584.09 4015.57 3694.24 
 177 3340.69 3779.82 3694.24 
 178 3516.63 3790.53 3694.24 
 179 3651.92 3881.83 3694.24 
 180 3500.77 3858.81 3694.24 
 181 3647.36 3489.75 3694.24 
 182 3599.07 3145.27 3694.24 
 183 3468.00 3704.53 3694.24 
 184 3713.21 3697.63 3694.24 
 185 3578.04 3616.64 3713.21 
 186 3594.45 3629.44 3713.21 
 187 3685.28 3843.63 3713.21 
 188 3753.07 3831.34 3713.21 
 189 3573.67 3683.94 3753.07 
 190 3798.04 3847.08 3753.07 
 191 3479.05 3762.48 3798.04 
 192 3695.37 3687.04 3798.04 
 193 3773.68 3618.61 3798.04 
 194 3683.50 3631.82 3798.04 
 195 3556.06 3696.14 3798.04 
 196 3572.78 3688.16 3798.04 
 197 3671.29 3835.19 3798.04 
 198 3769.15 3835.68 3798.04 
 199 3795.14 3838.28 3798.04 
 200 3765.10 3855.68 3798.04 
