Iter | Sampling Pol | Evaluation Pol | Best (Sampled) 
   0 -2207.16 -2128.34 -100000000.00 
   1 -2114.08 -2064.83 -2207.16 
   2 -2058.26 -1994.65 -2114.08 
   3 -1989.15 -1983.66 -2058.26 
   4 -1963.17 -1972.07 -1989.15 
   5 -1987.69 -1969.69 -1963.17 
   6 -1962.57 -1939.25 -1963.17 
   7 -1963.06 -1897.58 -1962.57 
   8 -1942.08 -1834.34 -1962.57 
   9 -1955.96 -1837.43 -1942.08 
  10 -1928.56 -1719.53 -1942.08 
  11 -1938.56 -1777.85 -1928.56 
  12 -1931.81 -1782.95 -1928.56 
  13 -1929.27 -1785.08 -1928.56 
  14 -1933.40 -1814.25 -1928.56 
  15 -1969.69 -1860.24 -1928.56 
  16 -1945.91 -1842.10 -1928.56 
  17 -1887.66 -1934.31 -1928.56 
  18 -1939.41 -1869.31 -1887.66 
  19 -1957.74 -1904.48 -1887.66 
  20 -1946.03 -1903.31 -1887.66 
  21 -1947.45 -1769.55 -1887.66 
  22 -1910.92 -1845.86 -1887.66 
  23 -1902.77 -1793.31 -1887.66 
  24 -1890.53 -1855.22 -1887.66 
  25 -1861.24 -1782.16 -1887.66 
  26 -1885.54 -1721.14 -1861.24 
  27 -1856.93 -1789.59 -1861.24 
  28 -1862.03 -1776.53 -1856.93 
  29 -1891.75 -1829.31 -1856.93 
  30 -1839.98 -1784.27 -1856.93 
  31 -1825.43 -1724.42 -1839.98 
  32 -1784.48 -1680.27 -1825.43 
  33 -1742.11 -1637.60 -1784.48 
  34 -1766.49 -1604.06 -1742.11 
  35 -1735.23 -1621.50 -1742.11 
  36 -1679.78 -1457.81 -1735.23 
  37 -1687.90 -1352.63 -1679.78 
  38 -1647.67 -1339.23 -1679.78 
  39 -1572.63 -1342.62 -1647.67 
  40 -1593.83 -957.73 -1572.63 
  41 -1539.65 -935.89 -1572.63 
  42 -1450.04 -739.85 -1539.65 
  43 -1391.89 -863.34 -1450.04 
  44 -1354.59 -776.84 -1391.89 
  45 -1310.97 -702.89 -1354.59 
  46 -1323.11 -510.48 -1310.97 
  47 -1383.49 -624.80 -1310.97 
  48 -1180.43 -534.75 -1310.97 
  49 -1102.71 -359.32 -1180.43 
  50 -996.12 -439.36 -1102.71 
  51 -900.33 -494.33 -996.12 
  52 -918.91 -305.36 -900.33 
  53 -933.84 -320.79 -900.33 
  54 -925.02 -388.46 -900.33 
  55 -759.55 -303.46 -900.33 
  56 -759.90 -305.02 -759.55 
  57 -697.42 -241.18 -759.55 
  58 -695.89 -254.17 -697.42 
  59 -558.16 -266.35 -695.89 
  60 -562.12 -202.98 -558.16 
  61 -612.00 -271.64 -558.16 
  62 -593.64 -295.59 -558.16 
  63 -379.81 -212.98 -558.16 
  64 -494.13 -281.24 -379.81 
  65 -409.96 -293.67 -379.81 
  66 -429.93 -395.54 -379.81 
  67 -342.70 -327.87 -379.81 
  68 -355.06 -282.51 -342.70 
  69 -360.30 -247.64 -342.70 
  70 -277.32 -142.07 -342.70 
  71 -353.56 -152.18 -277.32 
  72 -250.38 -98.41 -277.32 
  73 -190.19 -92.28 -250.38 
  74 -108.50 -33.35 -190.19 
  75 -177.61 -111.88 -108.50 
  76 -42.42 20.89 -108.50 
  77 -91.91 59.17 -42.42 
  78 -65.33 60.56 -42.42 
  79 47.41 137.36 -42.42 
  80 80.25 172.47 47.41 
  81 189.03 243.46 80.25 
  82 87.90 365.71 189.03 
  83 221.43 329.18 189.03 
  84 505.66 231.91 221.43 
  85 537.67 387.60 505.66 
  86 549.45 693.90 537.67 
  87 665.63 743.62 549.45 
  88 721.53 987.79 665.63 
  89 928.85 1052.78 721.53 
  90 822.46 1071.33 928.85 
  91 1172.48 1121.45 928.85 
  92 1150.32 1378.09 1172.48 
  93 996.92 1486.33 1172.48 
  94 1165.57 1496.41 1172.48 
  95 1326.47 1743.08 1172.48 
  96 1450.33 1577.74 1326.47 
  97 1431.21 1720.60 1450.33 
  98 1462.12 2013.94 1450.33 
  99 1449.57 2123.95 1462.12 
 100 1622.17 1945.27 1462.12 
 101 1912.07 1989.54 1622.17 
 102 1931.15 2074.88 1912.07 
 103 1940.86 1842.46 1931.15 
 104 1985.65 2250.64 1940.86 
 105 2063.68 2386.54 1985.65 
 106 2076.47 2304.04 2063.68 
 107 2130.96 2674.42 2076.47 
 108 2220.31 2534.83 2130.96 
 109 2400.11 2778.18 2220.31 
 110 2331.26 2817.16 2400.11 
 111 2356.91 2489.58 2400.11 
 112 2239.79 2972.12 2400.11 
 113 2429.63 2521.34 2400.11 
 114 2523.16 2541.78 2429.63 
 115 2583.24 2261.62 2523.16 
 116 2487.85 2258.29 2583.24 
 117 2724.09 2327.10 2583.24 
 118 2536.93 2911.54 2724.09 
 119 2631.96 2827.33 2724.09 
 120 2766.87 2521.64 2724.09 
 121 2791.40 2198.29 2766.87 
 122 2915.79 2645.85 2791.40 
 123 2904.23 2625.19 2915.79 
 124 2950.15 2672.76 2915.79 
 125 2921.84 2493.76 2950.15 
 126 3233.17 2604.55 2950.15 
 127 2813.96 2167.78 3233.17 
 128 3053.73 2685.62 3233.17 
 129 3084.72 2748.92 3233.17 
 130 3109.31 3180.98 3233.17 
 131 3106.99 2707.19 3233.17 
 132 3300.99 2581.03 3233.17 
 133 3181.91 2291.35 3300.99 
 134 3149.31 2286.81 3300.99 
 135 3352.81 2200.90 3300.99 
 136 3241.45 2988.67 3352.81 
 137 3229.42 2979.14 3352.81 
 138 3346.30 2992.39 3352.81 
 139 3335.28 3197.42 3352.81 
 140 3277.54 2639.61 3352.81 
 141 3292.06 3315.71 3352.81 
 142 3235.57 3442.90 3352.81 
 143 3457.07 3287.21 3352.81 
 144 3518.20 3372.66 3457.07 
 145 3349.52 3491.80 3518.20 
 146 3526.01 3555.28 3518.20 
 147 3582.26 3742.56 3526.01 
 148 3549.98 3462.23 3582.26 
 149 3456.96 3692.97 3582.26 
 150 3579.23 3782.33 3582.26 
 151 3539.13 3820.90 3582.26 
 152 3629.75 3780.14 3582.26 
 153 3623.95 3938.25 3629.75 
 154 3517.44 3975.74 3629.75 
 155 3636.79 3939.69 3629.75 
 156 3515.01 3864.63 3636.79 
 157 3567.29 3628.00 3636.79 
 158 3703.95 3605.44 3636.79 
 159 3590.59 3586.35 3703.95 
 160 3699.75 3603.86 3703.95 
 161 3721.98 3555.58 3703.95 
 162 3717.78 3693.45 3721.98 
 163 3691.98 3710.60 3721.98 
 164 3761.05 3827.54 3721.98 
 165 3660.76 3614.80 3761.05 
 166 3851.95 3630.88 3761.05 
 167 3702.64 3553.49 3851.95 
 168 3901.77 3678.98 3851.95 
 169 3848.50 3737.04 3901.77 
 170 3884.05 3751.18 3901.77 
 171 3712.00 3720.40 3901.77 
 172 3921.39 3680.75 3901.77 
 173 3686.65 3731.18 3921.39 
 174 3837.89 3704.24 3921.39 
 175 3837.84 3658.97 3921.39 
 176 3972.77 3511.26 3921.39 
 177 3757.78 3577.22 3972.77 
 178 3891.47 3728.19 3972.77 
 179 3928.33 3908.47 3972.77 
 180 3896.65 3817.54 3972.77 
 181 3950.51 3909.49 3972.77 
 182 3989.33 3892.21 3972.77 
 183 3829.41 3781.17 3989.33 
 184 4019.15 3516.62 3989.33 
 185 3971.99 3622.27 4019.15 
 186 3962.15 3896.64 4019.15 
 187 3892.75 3991.86 4019.15 
 188 3991.24 4014.88 4019.15 
 189 3931.02 3941.26 4019.15 
 190 3861.11 3988.56 4019.15 
 191 3894.22 3820.24 4019.15 
 192 3974.64 3893.12 4019.15 
 193 4030.92 3711.31 4019.15 
 194 3936.74 3957.13 4030.92 
 195 4005.54 4232.31 4030.92 
 196 3914.47 4201.51 4030.92 
 197 3968.88 4158.94 4030.92 
 198 4037.60 4168.06 4030.92 
 199 3998.97 3871.80 4037.60 
 200 3994.86 3877.60 4037.60 
 201 3992.74 3904.14 4037.60 
