Iter | Sampling Pol | Evaluation Pol | Best (Sampled) 
   0 -6.00 -4.87 -100000000.00 
   1 -5.72 -4.84 -6.00 
   2 -5.29 -4.37 -5.72 
   3 -4.90 -4.49 -5.29 
   4 -4.62 -4.26 -4.90 
   5 -4.36 -4.02 -4.62 
   6 -4.09 -3.64 -4.36 
   7 -2.53 40.84 -4.09 
   8 -4.12 -3.26 -2.53 
   9 -3.77 -2.48 -2.53 
  10 -2.67  0.39 -2.53 
  11 -3.39 -0.91 -2.53 
  12 -3.19 -1.12 -2.53 
  13 -3.03 -1.53 -2.53 
  14 -2.88 -3.33 -2.53 
  15 -3.18 -2.75 -2.53 
  16 -2.59 -2.73 -2.53 
  17 -2.84 -0.29 -2.53 
  18 -1.66 -2.95 -2.53 
  19 -2.56  0.40 -1.66 
  20 -2.21 -3.02 -1.66 
  21 -1.49 -1.14 -1.66 
  22 -0.73 -1.94 -1.49 
  23 -2.63 -3.41 -0.73 
  24 -1.72  4.68 -0.73 
  25  0.01  0.22 -0.73 
  26 -0.56 -0.99  0.01 
  27 -1.90 -1.76  0.01 
  28  0.38  0.99  0.01 
  29 -0.48  2.50  0.38 
  30 -0.09  4.75  0.38 
  31 -1.83  4.36  0.38 
  32  0.60  6.04  0.38 
  33 -0.08  1.33  0.60 
  34 -0.95  6.61  0.60 
  35 -0.92  5.03  0.60 
  36 -0.14  4.13  0.60 
  37 -0.06  4.97  0.60 
  38  2.81  5.31  0.60 
  39  0.52  2.25  2.81 
  40  0.38 11.83  2.81 
  41  0.25  2.84  2.81 
  42  2.06  9.74  2.81 
  43  2.70 17.72  2.81 
  44  3.72 17.03  2.81 
  45  2.44 11.65  3.72 
  46  2.18 28.49  3.72 
  47  2.43 18.81  3.72 
  48  2.86 36.59  3.72 
  49  3.70 23.31  3.72 
  50  4.68 49.96  3.72 
  51  6.57 52.39  4.68 
  52  7.61 42.45  6.57 
  53  6.37 59.48  7.61 
  54  3.31 65.67  7.61 
  55  3.59 72.27  7.61 
  56  8.78 56.88  7.61 
  57  6.47 67.55  8.78 
  58  5.28 80.40  8.78 
  59  6.24 70.58  8.78 
  60  7.53 69.05  8.78 
  61  8.94 65.64  8.78 
  62 11.27 43.56  8.94 
  63  9.20 38.94 11.27 
  64  7.81 53.35 11.27 
  65  9.68 33.26 11.27 
  66  9.32 26.08 11.27 
  67  9.41 47.05 11.27 
  68 16.13 34.99 11.27 
  69 14.79 31.44 16.13 
  70 10.58 41.12 16.13 
  71  7.44 35.15 16.13 
  72 15.61 33.48 16.13 
  73  9.17 36.38 16.13 
  74 14.04 42.13 16.13 
  75 10.53 39.77 16.13 
  76 16.63 47.67 16.13 
  77 16.77 50.79 16.63 
  78  9.32 56.45 16.77 
  79 11.47 66.30 16.77 
  80 13.94 69.05 16.77 
  81 19.60 64.92 16.77 
  82 16.97 47.29 19.60 
  83 19.93 46.62 19.60 
  84 17.14 53.39 19.93 
  85 18.21 38.81 19.93 
  86 19.90 39.35 19.93 
  87 20.57 44.20 19.93 
  88 18.52 53.26 20.57 
  89 22.07 24.43 20.57 
  90 23.49 83.48 22.07 
  91 25.71 38.80 23.49 
  92 38.16 21.60 25.71 
  93 26.90 21.59 38.16 
  94 19.84 32.80 38.16 
  95 25.51 40.57 38.16 
  96 27.11 27.66 38.16 
  97 29.08 23.93 38.16 
  98 29.68 46.71 38.16 
  99 23.70 52.04 38.16 
 100 23.78 40.33 38.16 
 101 38.03 71.61 38.16 
 102 32.41 72.48 38.16 
 103 25.65 32.27 38.16 
 104 33.88 38.66 38.16 
 105 26.87 53.00 38.16 
 106 25.03 86.50 38.16 
 107 28.14 45.74 38.16 
 108 38.78 60.02 38.16 
 109 29.92 70.96 38.78 
 110 41.37 56.71 38.78 
 111 49.72 35.98 41.37 
 112 46.74 38.49 49.72 
 113 35.47 71.69 49.72 
 114 40.45 31.66 49.72 
 115 49.72 33.80 49.72 
 116 36.14 30.22 49.72 
 117 45.51 45.15 49.72 
 118 37.96 64.03 49.72 
 119 41.61 88.17 49.72 
 120 45.96 63.81 49.72 
 121 39.65 52.68 49.72 
 122 40.14 76.79 49.72 
 123 31.73 58.61 49.72 
 124 46.55 51.18 49.72 
 125 54.22 39.30 49.72 
 126 42.35 59.18 54.22 
 127 68.73 81.64 54.22 
 128 56.65 57.21 68.73 
 129 53.19 62.00 68.73 
 130 60.83 89.10 68.73 
 131 46.24 65.14 68.73 
 132 49.09 86.71 68.73 
 133 78.26 63.62 68.73 
 134 61.14 29.37 78.26 
 135 66.26 48.61 78.26 
 136 53.95 37.71 78.26 
 137 81.54 39.04 78.26 
 138 74.71 69.44 81.54 
 139 78.85 82.09 81.54 
 140 108.22 93.41 81.54 
 141 86.33 60.27 108.22 
 142 79.57 80.46 108.22 
 143 67.61 116.75 108.22 
 144 123.27 128.13 108.22 
 145 86.05 102.44 123.27 
 146 84.82 58.77 123.27 
 147 97.89 122.92 123.27 
 148 83.95 49.28 123.27 
 149 125.30 65.01 123.27 
 150 121.95 71.14 125.30 
 151 91.51 76.11 125.30 
 152 97.92 65.23 125.30 
 153 80.28 47.07 125.30 
 154 109.52 159.28 125.30 
 155 128.50 41.41 125.30 
 156 149.06 52.44 128.50 
 157 126.87 39.36 149.06 
 158 125.40 66.22 149.06 
 159 129.58 50.89 149.06 
 160 144.41 61.40 149.06 
 161 137.92 91.51 149.06 
 162 149.64 51.63 149.06 
 163 157.75 60.10 149.64 
 164 137.75 110.90 157.75 
 165 145.86 98.90 157.75 
 166 165.17 168.48 157.75 
 167 171.45 177.81 165.17 
 168 133.14 127.98 171.45 
 169 167.86 183.44 171.45 
 170 143.80 166.69 171.45 
 171 202.00 167.86 171.45 
 172 231.78 158.05 202.00 
 173 179.55 153.95 231.78 
 174 246.61 140.89 231.78 
 175 200.24 139.57 246.61 
 176 218.67 313.48 246.61 
 177 227.78 304.84 246.61 
 178 162.90 218.70 246.61 
 179 251.74 325.92 246.61 
 180 187.69 355.26 251.74 
 181 240.50 178.19 251.74 
 182 274.68 231.36 251.74 
 183 200.70 295.24 274.68 
 184 255.75 250.60 274.68 
 185 272.93 240.32 274.68 
 186 288.94 296.26 274.68 
 187 326.79 249.43 288.94 
 188 367.41 373.96 326.79 
 189 312.18 214.09 367.41 
 190 302.11 304.48 367.41 
 191 350.72 134.94 367.41 
 192 352.14 241.59 367.41 
 193 304.10 177.43 367.41 
 194 322.91 216.49 367.41 
 195 312.32 181.52 367.41 
 196 330.50 219.06 367.41 
 197 401.40 255.06 367.41 
 198 401.91 344.93 401.40 
 199 406.30 297.25 401.91 
 200 375.90 308.96 406.30 
 201 379.39 210.85 406.30 
 202 409.21 414.74 406.30 
 203 419.27 333.62 409.21 
 204 402.27 377.31 419.27 
 205 454.81 327.84 419.27 
 206 527.00 398.79 454.81 
 207 414.02 485.04 527.00 
 208 476.39 425.74 527.00 
 209 449.02 390.84 527.00 
 210 461.44 432.11 527.00 
 211 509.14 480.62 527.00 
 212 408.39 309.55 527.00 
 213 489.97 247.08 527.00 
 214 551.17 230.48 527.00 
 215 435.64 261.15 551.17 
 216 527.15 319.79 551.17 
 217 546.13 294.17 551.17 
 218 586.79 314.64 551.17 
 219 525.70 342.90 586.79 
 220 592.48 627.91 586.79 
 221 585.15 697.87 592.48 
 222 561.74 518.65 592.48 
 223 566.21 552.95 592.48 
 224 597.28 474.27 592.48 
 225 681.11 617.52 597.28 
 226 615.62 663.91 681.11 
 227 651.45 566.96 681.11 
 228 573.66 505.37 681.11 
 229 680.59 573.21 681.11 
 230 717.98 471.16 681.11 
 231 670.28 478.65 717.98 
 232 727.69 502.62 717.98 
 233 685.88 603.28 727.69 
 234 738.53 639.58 727.69 
 235 788.94 544.06 738.53 
 236 786.80 717.67 788.94 
 237 686.79 689.63 788.94 
 238 787.69 676.15 788.94 
 239 793.11 780.07 788.94 
 240 729.26 791.61 793.11 
 241 861.41 720.11 793.11 
 242 856.22 669.24 861.41 
 243 946.82 639.37 861.41 
 244 904.12 614.76 946.82 
 245 979.15 718.97 946.82 
 246 910.45 714.55 979.15 
 247 836.02 562.96 979.15 
 248 1026.45 752.68 979.15 
 249 1069.45 686.92 1026.45 
 250 1037.98 908.24 1069.45 
 251 1031.75 988.90 1069.45 
 252 1007.61 893.80 1069.45 
 253 1042.13 831.57 1069.45 
 254 1069.13 699.64 1069.45 
 255 1157.12 798.20 1069.45 
 256 1161.19 855.08 1157.12 
 257 1076.64 826.17 1161.19 
 258 1131.62 805.48 1161.19 
 259 1071.93 751.34 1161.19 
 260 1111.06 1037.76 1161.19 
 261 1152.44 1016.97 1161.19 
 262 1154.07 1165.14 1161.19 
 263 1235.84 1034.99 1161.19 
 264 1350.46 1106.50 1235.84 
 265 1191.60 1145.78 1350.46 
 266 1181.05 1279.71 1350.46 
 267 1242.37 1348.25 1350.46 
 268 1213.71 1196.74 1350.46 
 269 1335.57 1325.10 1350.46 
 270 1214.47 1360.40 1350.46 
 271 1331.43 1349.52 1350.46 
 272 1473.70 1249.42 1350.46 
 273 1194.68 1349.79 1473.70 
 274 1303.71 1254.22 1473.70 
 275 1511.81 1420.92 1473.70 
 276 1329.12 1477.64 1511.81 
 277 1544.71 1502.83 1511.81 
 278 1272.28 1692.75 1544.71 
 279 1389.24 1537.67 1544.71 
 280 1433.82 1621.50 1544.71 
 281 1484.64 1730.64 1544.71 
 282 1452.80 1798.36 1544.71 
 283 1587.77 1915.38 1544.71 
 284 1532.53 1886.03 1587.77 
 285 1479.45 1940.71 1587.77 
 286 1583.99 1688.79 1587.77 
 287 1456.96 1884.85 1587.77 
 288 1593.20 1838.85 1587.77 
 289 1602.98 2028.85 1593.20 
 290 1522.39 2079.13 1602.98 
 291 1671.17 1781.64 1602.98 
 292 1609.08 1867.36 1671.17 
 293 1548.47 1903.37 1671.17 
 294 1556.35 1715.03 1671.17 
 295 1601.98 1815.03 1671.17 
 296 1492.38 1678.75 1671.17 
 297 1651.81 1646.94 1671.17 
 298 1659.24 1659.60 1671.17 
 299 1759.26 1839.26 1671.17 
 300 1730.71 2172.91 1759.26 
 301 1633.63 2147.07 1759.26 
 302 1655.07 1704.37 1759.26 
 303 1675.88 1962.80 1759.26 
 304 1597.93 1694.26 1759.26 
 305 1748.24 1712.67 1759.26 
 306 1854.48 1867.98 1759.26 
 307 1716.17 1743.53 1854.48 
 308 1932.01 1882.08 1854.48 
 309 1856.97 2028.92 1932.01 
 310 1750.77 1962.61 1932.01 
 311 1778.60 1997.39 1932.01 
 312 1820.32 2256.48 1932.01 
 313 1799.06 2097.39 1932.01 
 314 1785.52 2283.53 1932.01 
 315 1914.43 2175.22 1932.01 
 316 1966.95 2032.30 1932.01 
 317 1770.26 2127.66 1966.95 
 318 1738.01 2095.63 1966.95 
 319 1957.73 2219.47 1966.95 
 320 1947.34 2103.49 1966.95 
 321 2030.81 1986.04 1966.95 
 322 1932.28 2058.86 2030.81 
 323 1940.04 2104.17 2030.81 
 324 2023.57 2206.67 2030.81 
 325 1950.98 1848.24 2030.81 
 326 1946.27 2044.50 2030.81 
 327 2027.04 2146.45 2030.81 
 328 2010.36 2131.23 2030.81 
 329 2082.28 2130.64 2030.81 
 330 2127.22 2261.64 2082.28 
 331 1985.35 2336.29 2127.22 
 332 1942.46 2272.16 2127.22 
 333 2177.22 2171.09 2127.22 
 334 2164.44 2407.22 2177.22 
 335 2250.77 2353.13 2177.22 
 336 2054.88 2242.49 2250.77 
 337 1977.17 2303.90 2250.77 
 338 2078.47 2241.17 2250.77 
 339 2110.90 2628.08 2250.77 
 340 2028.96 2392.37 2250.77 
 341 2247.23 2392.90 2250.77 
 342 2116.19 2299.48 2250.77 
 343 2182.39 2401.60 2250.77 
 344 2092.50 2113.58 2250.77 
 345 2154.62 2210.18 2250.77 
 346 2319.40 2325.27 2250.77 
 347 2178.85 2192.19 2319.40 
 348 2350.48 2289.49 2319.40 
 349 2178.81 2409.00 2350.48 
 350 2262.15 2700.19 2350.48 
 351 2257.81 2168.23 2350.48 
 352 2239.37 2074.55 2350.48 
 353 2328.22 2162.87 2350.48 
 354 2383.79 2174.22 2350.48 
 355 2213.03 2193.26 2383.79 
 356 2193.91 2128.83 2383.79 
 357 2209.62 2264.30 2383.79 
 358 2313.25 2304.46 2383.79 
 359 2437.99 2146.44 2383.79 
 360 2346.90 2149.09 2437.99 
 361 2227.17 2527.43 2437.99 
 362 2443.83 2661.09 2437.99 
 363 2136.14 2632.10 2443.83 
 364 2359.29 2576.67 2443.83 
 365 2295.08 2607.67 2443.83 
 366 2468.95 2619.23 2443.83 
 367 2419.21 2587.19 2468.95 
 368 2392.86 2495.78 2468.95 
 369 2346.91 2321.78 2468.95 
 370 2569.23 2468.15 2468.95 
 371 2337.60 2221.35 2569.23 
 372 2520.61 2403.53 2569.23 
 373 2303.95 2628.49 2569.23 
 374 2557.22 2497.81 2569.23 
 375 2444.13 2448.98 2569.23 
 376 2313.45 2179.36 2569.23 
 377 2444.97 2293.17 2569.23 
 378 2320.28 2390.84 2569.23 
 379 2484.85 2331.52 2569.23 
 380 2631.39 2559.70 2569.23 
 381 2504.67 2337.50 2631.39 
 382 2553.69 2585.70 2631.39 
 383 2663.09 2317.66 2631.39 
 384 2442.58 2502.21 2663.09 
 385 2527.73 2390.85 2663.09 
 386 2621.83 2427.71 2663.09 
 387 2575.01 2684.48 2663.09 
 388 2676.80 2762.89 2663.09 
 389 2600.99 2671.32 2676.80 
 390 2602.89 2572.07 2676.80 
 391 2582.32 2711.57 2676.80 
 392 2549.20 2626.93 2676.80 
 393 2544.83 2807.47 2676.80 
 394 2506.59 2967.63 2676.80 
 395 2379.20 2850.56 2676.80 
 396 2480.42 2953.40 2676.80 
 397 2556.24 3000.65 2676.80 
 398 2503.51 2953.50 2676.80 
 399 2611.24 2747.00 2676.80 
 400 2484.53 2822.02 2676.80 
 401 2658.52 2772.67 2676.80 
 402 2471.34 2876.08 2676.80 
 403 2598.04 2884.30 2676.80 
 404 2675.16 3006.28 2676.80 
 405 2604.20 2743.83 2676.80 
 406 2626.67 2693.88 2676.80 
 407 2570.15 2719.74 2676.80 
 408 2787.03 2539.55 2676.80 
 409 2727.79 2796.15 2787.03 
 410 2761.05 2799.95 2787.03 
 411 2707.18 2859.89 2787.03 
 412 2553.43 2691.00 2787.03 
 413 2727.72 2675.30 2787.03 
 414 2659.59 2688.34 2787.03 
 415 2751.31 3022.40 2787.03 
 416 2590.66 3015.78 2787.03 
 417 2680.17 2923.36 2787.03 
 418 2628.16 2919.48 2787.03 
 419 2691.83 2805.53 2787.03 
 420 2580.25 2723.25 2787.03 
 421 2693.05 2920.94 2787.03 
 422 2673.01 2814.19 2787.03 
 423 2899.02 3080.66 2787.03 
 424 2771.59 3007.36 2899.02 
 425 2799.96 2963.31 2899.02 
 426 2775.27 2571.80 2899.02 
 427 2556.64 2949.44 2899.02 
 428 2733.36 3010.48 2899.02 
 429 2833.79 2779.84 2899.02 
 430 2671.36 2629.04 2899.02 
 431 2867.85 2939.64 2899.02 
 432 2709.61 2873.18 2899.02 
 433 2834.84 2970.51 2899.02 
 434 2793.69 2768.92 2899.02 
 435 2960.29 2952.83 2899.02 
 436 2624.80 3099.28 2960.29 
 437 2944.34 3105.48 2960.29 
 438 2961.05 2949.09 2960.29 
 439 2814.41 2945.58 2961.05 
 440 2973.79 2979.54 2961.05 
 441 2917.13 3086.94 2973.79 
 442 2912.70 3187.48 2973.79 
 443 2824.23 3194.25 2973.79 
 444 2980.51 3123.37 2973.79 
 445 2870.19 3015.39 2980.51 
 446 2945.16 3064.69 2980.51 
 447 2920.18 2997.90 2980.51 
 448 3036.96 3008.69 2980.51 
 449 2917.48 3023.94 3036.96 
 450 2887.92 3096.61 3036.96 
 451 2913.17 2901.02 3036.96 
 452 3115.30 2987.14 3036.96 
 453 2852.82 3114.65 3115.30 
 454 2900.66 3071.77 3115.30 
 455 2935.77 3215.28 3115.30 
 456 3080.83 3134.82 3115.30 
 457 2828.54 3253.97 3115.30 
 458 2930.16 3395.24 3115.30 
 459 2914.13 3394.86 3115.30 
 460 3038.81 3178.68 3115.30 
 461 2977.44 3236.66 3115.30 
 462 3007.88 3091.70 3115.30 
 463 2835.51 3178.14 3115.30 
 464 2882.27 3157.01 3115.30 
 465 3018.58 3171.37 3115.30 
 466 3015.26 3157.50 3115.30 
 467 2924.62 3349.97 3115.30 
 468 3017.38 3333.17 3115.30 
 469 3038.64 3239.32 3115.30 
 470 3062.12 3412.77 3115.30 
 471 3050.78 3397.99 3115.30 
 472 3063.63 3260.52 3115.30 
 473 3072.46 3295.12 3115.30 
 474 2975.71 3308.77 3115.30 
 475 3030.91 3391.17 3115.30 
 476 3140.05 2964.95 3115.30 
 477 3079.40 3325.71 3140.05 
 478 3048.21 3030.65 3140.05 
 479 3127.63 3176.35 3140.05 
 480 3252.07 3332.26 3140.05 
 481 2933.73 3435.98 3252.07 
 482 3036.56 3388.32 3252.07 
 483 3079.85 3363.55 3252.07 
 484 3063.60 3359.91 3252.07 
 485 3192.78 3419.79 3252.07 
 486 3186.09 3381.49 3252.07 
 487 3052.66 3517.33 3252.07 
 488 2910.33 3369.88 3252.07 
 489 3139.19 3362.97 3252.07 
 490 3012.71 3325.96 3252.07 
 491 3202.49 3137.98 3252.07 
 492 3068.80 3323.50 3252.07 
 493 3243.31 2765.26 3252.07 
 494 2969.15 3283.80 3252.07 
 495 3234.86 3357.80 3252.07 
 496 3216.01 3263.68 3252.07 
 497 3162.89 3064.75 3252.07 
 498 3130.31 3271.40 3252.07 
 499 3368.89 3525.07 3252.07 
 500 3158.40 3307.49 3368.89 
