Iter | Sampling Pol | Evaluation Pol | Best (Sampled) 
   0 -3.79 -6.17 -100000000.00 
   1 -4.15 -5.59 -3.79 
   2 -4.03 -5.64 -3.79 
   3 -3.11 -5.51 -3.79 
   4  0.49 -3.92 -3.11 
   5 -1.98 -3.75  0.49 
   6 -3.68 -5.24  0.49 
   7 -0.90 -5.39  0.49 
   8 -2.11 -3.31  0.49 
   9 -3.00 -2.18  0.49 
  10  0.27 -4.47  0.49 
  11  2.12 -5.14  0.49 
  12  7.16 -4.75  2.12 
  13  0.23 -3.81  7.16 
  14 -0.80 -0.13  7.16 
  15  0.31  4.12  7.16 
  16 -0.22  1.88  7.16 
  17  7.69 22.76  7.16 
  18 10.56 28.92  7.69 
  19  6.16 14.66 10.56 
  20 13.20 10.68 10.56 
  21  4.52 17.06 13.20 
  22 14.49 21.70 13.20 
  23 22.30 36.99 14.49 
  24 12.12 23.82 22.30 
  25 26.16 25.48 22.30 
  26 15.16 29.16 26.16 
  27 29.10 39.51 26.16 
  28  9.02 12.46 29.10 
  29 22.93 21.73 29.10 
  30 26.86  9.88 29.10 
  31 22.76 11.61 29.10 
  32 33.61 21.69 29.10 
  33 19.44 17.09 33.61 
  34 26.14 12.05 33.61 
  35 27.90 20.55 33.61 
  36 20.13 19.22 33.61 
  37 30.11 39.65 33.61 
  38 40.16 62.95 33.61 
  39 26.18 53.91 40.16 
  40 30.26 81.39 40.16 
  41 24.62 114.64 40.16 
  42 33.96 131.23 40.16 
  43 36.78 157.90 40.16 
  44 58.64 197.60 40.16 
  45 40.95 182.43 58.64 
  46 79.62 200.86 58.64 
  47 56.32 53.55 79.62 
  48 73.91 54.83 79.62 
  49 71.98 43.49 79.62 
  50 42.54 85.72 79.62 
  51 71.49 63.58 79.62 
  52 70.82 31.02 79.62 
  53 55.95 33.01 79.62 
  54 75.05 42.49 79.62 
  55 112.43 44.64 79.62 
  56 101.94 86.90 112.43 
  57 113.26 203.47 112.43 
  58 91.26 131.60 113.26 
  59 83.36 203.31 113.26 
  60 126.02 282.23 113.26 
  61 165.78 231.97 126.02 
  62 153.80 361.72 165.78 
  63 183.28 269.32 165.78 
  64 139.28 437.43 183.28 
  65 136.84 365.91 183.28 
  66 247.66 492.46 183.28 
  67 239.56 485.18 247.66 
  68 229.04 645.55 247.66 
  69 261.57 742.85 247.66 
  70 271.04 881.57 261.57 
  71 318.59 782.96 271.04 
  72 358.19 749.78 318.59 
  73 365.02 880.45 358.19 
  74 363.73 894.53 365.02 
  75 354.60 885.61 365.02 
  76 450.26 1063.42 365.02 
  77 471.53 1206.37 450.26 
  78 497.63 1102.32 471.53 
  79 492.76 1413.36 497.63 
  80 544.47 1347.76 497.63 
  81 591.28 1429.16 544.47 
  82 593.84 1456.56 591.28 
  83 737.06 1356.38 593.84 
  84 705.96 1589.65 737.06 
  85 717.60 1392.08 737.06 
  86 849.83 1409.26 737.06 
  87 825.37 1336.99 849.83 
  88 862.36 1499.44 849.83 
  89 1036.83 1739.13 862.36 
  90 953.32 1672.97 1036.83 
  91 1182.17 1611.96 1036.83 
  92 1166.93 1573.27 1182.17 
  93 1074.89 1851.50 1182.17 
  94 1098.87 1840.00 1182.17 
  95 1260.65 1810.09 1182.17 
  96 1509.40 1750.76 1260.65 
  97 1391.50 1784.29 1509.40 
  98 1485.69 1955.89 1509.40 
  99 1407.00 1793.56 1509.40 
 100 1513.37 2017.89 1509.40 
 101 1616.28 2331.27 1513.37 
 102 1689.90 2445.54 1616.28 
 103 1640.79 2542.29 1689.90 
 104 1598.71 2540.68 1689.90 
 105 1785.22 2421.68 1689.90 
 106 1715.89 2253.39 1785.22 
 107 1880.79 2481.98 1785.22 
 108 1889.23 2398.66 1880.79 
 109 1993.52 2392.40 1889.23 
 110 2141.35 2567.68 1993.52 
 111 2118.74 2786.67 2141.35 
 112 2038.76 2841.97 2141.35 
 113 2271.84 2315.62 2141.35 
 114 2165.63 2392.16 2271.84 
 115 2218.38 2377.45 2271.84 
 116 2340.81 2340.93 2271.84 
 117 2493.68 2538.19 2340.81 
 118 2312.98 2963.03 2493.68 
 119 2535.45 2935.61 2493.68 
 120 2608.93 2673.36 2535.45 
 121 2663.43 2646.24 2608.93 
 122 2733.45 2694.12 2663.43 
 123 2667.52 2849.06 2733.45 
 124 2653.00 2886.64 2733.45 
 125 2598.96 2955.84 2733.45 
 126 2845.89 2852.79 2733.45 
 127 2506.16 2910.21 2845.89 
 128 2749.27 3000.87 2845.89 
 129 2829.71 3200.72 2845.89 
 130 2930.40 2802.93 2845.89 
 131 2786.07 2383.61 2930.40 
 132 2950.95 2630.25 2930.40 
 133 3030.13 2353.83 2950.95 
 134 3015.90 2525.39 3030.13 
 135 3045.69 2549.30 3030.13 
 136 3124.11 2703.52 3045.69 
 137 3141.60 2563.93 3124.11 
 138 3267.16 2750.31 3141.60 
 139 3337.78 2377.80 3267.16 
 140 3223.37 2647.01 3337.78 
 141 3217.45 2938.71 3337.78 
 142 3357.52 2990.30 3337.78 
 143 3146.90 3002.33 3357.52 
 144 3282.73 2977.21 3357.52 
 145 3315.00 2599.41 3357.52 
 146 3512.62 2587.99 3357.52 
 147 3381.90 2484.62 3512.62 
 148 3414.57 2647.64 3512.62 
 149 3518.93 3116.54 3512.62 
 150 3599.25 3019.86 3518.93 
 151 3498.60 3191.60 3599.25 
 152 3513.75 3187.87 3599.25 
 153 3672.85 3139.63 3599.25 
 154 3588.64 3194.69 3672.85 
 155 3631.70 2882.15 3672.85 
 156 3610.02 2916.75 3672.85 
 157 3739.12 3195.19 3672.85 
 158 3639.64 3282.73 3739.12 
 159 3613.37 3248.11 3739.12 
 160 3683.75 3289.13 3739.12 
 161 3504.80 3510.90 3739.12 
 162 3699.59 3427.90 3739.12 
 163 3729.50 3285.03 3739.12 
 164 3748.65 3472.39 3739.12 
 165 3692.09 3767.94 3748.65 
 166 3897.30 3939.37 3748.65 
 167 3750.79 3797.95 3897.30 
 168 3806.11 3797.67 3897.30 
 169 3820.17 3956.31 3897.30 
 170 3890.97 3650.55 3897.30 
 171 3783.45 3751.23 3897.30 
 172 3902.96 3704.86 3897.30 
 173 3794.90 3648.14 3902.96 
 174 3878.95 3523.05 3902.96 
 175 3803.54 3572.56 3902.96 
 176 3902.79 3892.58 3902.96 
 177 3858.01 3655.85 3902.96 
 178 3709.01 3538.12 3902.96 
 179 3938.36 3868.51 3902.96 
 180 3703.58 3652.82 3938.36 
 181 3915.50 3471.48 3938.36 
 182 3860.24 3664.57 3938.36 
 183 3766.96 3662.94 3938.36 
 184 3822.48 3672.80 3938.36 
 185 3885.26 3839.23 3938.36 
 186 3931.11 3848.64 3938.36 
 187 3897.84 3618.01 3938.36 
 188 3873.83 3888.90 3938.36 
 189 3984.10 3847.87 3938.36 
 190 3930.15 3803.35 3984.10 
 191 3954.34 3693.43 3984.10 
 192 3988.87 3790.14 3984.10 
 193 3993.73 3572.11 3988.87 
 194 4003.64 3504.03 3993.73 
 195 3957.39 3843.64 4003.64 
 196 3963.71 3580.54 4003.64 
 197 4000.99 3634.71 4003.64 
 198 4076.40 3713.05 4003.64 
 199 4026.03 3941.39 4076.40 
 200 4121.31 3897.82 4076.40 
