Iter | Sampling Pol | Evaluation Pol | Best (Sampled) 
   0 -6.00 -4.71 -100000000.00 
   1 -5.45 -4.28 -6.00 
   2 -5.17 -4.26 -5.45 
   3 -4.73 -4.09 -5.17 
   4 -3.01 -3.43 -4.73 
   5 -3.21 -3.30 -3.01 
   6 -4.02 -1.35 -3.01 
   7 -3.39 -3.87 -3.01 
   8 -3.35 -2.47 -3.01 
   9 -2.82 -2.21 -3.01 
  10 -2.77  2.62 -2.82 
  11 -2.65 -3.30 -2.77 
  12 -2.53 12.45 -2.65 
  13 -1.95  0.68 -2.53 
  14 -2.07 -2.56 -1.95 
  15 -2.21  3.03 -1.95 
  16 -0.09 10.50 -1.95 
  17 -1.44  6.88 -0.09 
  18 -1.61  4.98 -0.09 
  19 -1.32 -1.86 -0.09 
  20 -1.58  2.27 -0.09 
  21 -1.20 -3.49 -0.09 
  22  2.13 -2.70 -0.09 
  23  0.67 -2.77  2.13 
  24 -0.12  2.26  2.13 
  25  0.22 -0.56  2.13 
  26  4.52 14.24  2.13 
  27  2.39 10.92  4.52 
  28  2.45 58.31  4.52 
  29  1.07  5.00  4.52 
  30  2.89  8.74  4.52 
  31  2.88 24.68  4.52 
  32  5.68 21.30  4.52 
  33  3.93 17.24  5.68 
  34  0.95 30.08  5.68 
  35 10.03 37.39  5.68 
  36  5.63 16.31 10.03 
  37  2.50 27.67 10.03 
  38  4.90 27.06 10.03 
  39 15.59 49.75 10.03 
  40 13.84 17.55 15.59 
  41  8.39 18.83 15.59 
  42  7.71 15.13 15.59 
  43 15.67  3.61 15.59 
  44 12.29 15.68 15.67 
  45  8.45 16.36 15.67 
  46 12.34 19.44 15.67 
  47  3.82 25.70 15.67 
  48 15.17 19.12 15.67 
  49 11.37 23.53 15.67 
  50  9.92 18.03 15.67 
  51 15.33 37.19 15.67 
  52 17.72 33.63 15.67 
  53 11.25 37.95 17.72 
  54 15.22 30.46 17.72 
  55  9.92 13.94 17.72 
  56 23.33 26.11 17.72 
  57 35.18 25.17 23.33 
  58 20.05 30.49 35.18 
  59 18.21 40.69 35.18 
  60 20.94 53.18 35.18 
  61 18.58 59.54 35.18 
  62 39.65 49.26 35.18 
  63 36.28 57.40 39.65 
  64 26.98 38.58 39.65 
  65 44.19 94.55 39.65 
  66 36.53 70.81 44.19 
  67 41.85 65.81 44.19 
  68 43.60 54.12 44.19 
  69 54.17 61.82 44.19 
  70 54.90 50.50 54.17 
  71 57.34 36.92 54.90 
  72 36.93 32.79 57.34 
  73 38.33 119.39 57.34 
  74 39.71 46.66 57.34 
  75 55.75 49.22 57.34 
  76 42.80 102.53 57.34 
  77 68.49 104.11 57.34 
  78 85.37 73.93 68.49 
  79 80.19 106.24 85.37 
  80 54.08 138.82 85.37 
  81 85.96 84.17 85.37 
  82 49.73 136.93 85.96 
  83 78.45 213.32 85.96 
  84 104.39 237.01 85.96 
  85 65.66 257.06 104.39 
  86 68.84 130.76 104.39 
  87 78.21 96.60 104.39 
  88 73.28 123.86 104.39 
  89 126.22 184.74 104.39 
  90 93.51 179.99 126.22 
  91 105.07 144.76 126.22 
  92 91.03 285.38 126.22 
  93 107.84 334.41 126.22 
  94 109.63 394.47 126.22 
  95 115.92 199.00 126.22 
  96 86.62 175.56 126.22 
  97 117.00 232.70 126.22 
  98 112.37 252.36 126.22 
  99 122.21 381.74 126.22 
 100 126.63 340.61 126.22 
 101 174.66 448.81 126.63 
 102 136.50 398.70 174.66 
 103 163.39 273.56 174.66 
 104 173.22 487.85 174.66 
 105 188.99 368.33 174.66 
 106 201.50 402.75 188.99 
 107 194.61 562.69 201.50 
 108 202.29 613.56 201.50 
 109 232.64 613.73 202.29 
 110 225.25 442.10 232.64 
 111 270.22 572.47 232.64 
 112 187.53 560.31 270.22 
 113 288.78 534.16 270.22 
 114 282.44 630.57 288.78 
 115 265.11 596.05 288.78 
 116 225.04 688.36 288.78 
 117 275.22 663.66 288.78 
 118 252.97 672.96 288.78 
 119 254.06 622.85 288.78 
 120 335.51 647.59 288.78 
 121 374.32 630.08 335.51 
 122 390.57 581.54 374.32 
 123 387.76 737.71 390.57 
 124 402.29 746.70 390.57 
 125 369.34 722.20 402.29 
 126 508.37 696.10 402.29 
 127 438.80 714.55 508.37 
 128 452.38 902.52 508.37 
 129 399.76 965.52 508.37 
 130 483.11 1154.94 508.37 
 131 467.64 988.33 508.37 
 132 457.09 1127.93 508.37 
 133 520.62 756.96 508.37 
 134 456.43 1067.84 520.62 
 135 491.14 919.64 520.62 
 136 539.80 953.44 520.62 
 137 452.18 1037.73 539.80 
 138 666.70 954.39 539.80 
 139 648.57 955.38 666.70 
 140 585.40 1053.07 666.70 
 141 557.71 964.19 666.70 
 142 669.86 1137.64 666.70 
 143 635.42 706.56 669.86 
 144 697.96 877.85 669.86 
 145 619.39 1050.19 697.96 
 146 793.21 1057.34 697.96 
 147 847.04 975.22 793.21 
 148 788.70 1183.47 847.04 
 149 913.59 826.46 847.04 
 150 879.61 1121.27 913.59 
 151 780.44 1332.83 913.59 
 152 954.43 1067.55 913.59 
 153 857.01 1229.35 954.43 
 154 991.69 1357.15 954.43 
 155 831.26 1512.09 991.69 
 156 871.47 1368.36 991.69 
 157 987.23 1491.04 991.69 
 158 881.85 1506.71 991.69 
 159 1054.32 1473.50 991.69 
 160 1094.17 1370.65 1054.32 
 161 973.67 1582.99 1094.17 
 162 1057.21 1573.43 1094.17 
 163 1100.92 1340.32 1094.17 
 164 1194.79 1351.77 1100.92 
 165 1159.07 1258.70 1194.79 
 166 1197.10 1380.22 1194.79 
 167 1212.17 1199.39 1197.10 
 168 1079.31 1210.34 1212.17 
 169 1373.08 1397.08 1212.17 
 170 1286.94 1590.03 1373.08 
 171 1298.72 1608.12 1373.08 
 172 1630.48 1281.23 1373.08 
 173 1414.75 1372.99 1630.48 
 174 1361.35 1639.51 1630.48 
 175 1429.75 1541.35 1630.48 
 176 1335.60 1238.74 1630.48 
 177 1386.55 1401.62 1630.48 
 178 1263.42 1415.25 1630.48 
 179 1459.53 1154.75 1630.48 
 180 1405.20 1581.19 1630.48 
 181 1593.96 1370.76 1630.48 
 182 1552.82 1459.53 1630.48 
 183 1331.17 1317.24 1630.48 
 184 1560.17 1730.06 1630.48 
 185 1530.61 1623.26 1630.48 
 186 1579.31 2374.82 1630.48 
 187 1463.39 2369.74 1630.48 
 188 1547.03 1863.67 1630.48 
 189 1611.33 2090.45 1630.48 
 190 1778.76 1757.16 1630.48 
 191 1588.65 1180.88 1778.76 
 192 1764.95 1300.10 1778.76 
 193 1741.22 1418.42 1778.76 
 194 1784.11 1669.08 1778.76 
 195 1561.62 1616.61 1784.11 
 196 1672.74 1502.49 1784.11 
 197 1914.58 2126.55 1784.11 
 198 1800.35 2568.79 1914.58 
 199 1796.28 2341.74 1914.58 
 200 1952.43 2283.78 1914.58 
 201 2041.67 2033.16 1952.43 
 202 1862.54 2309.56 2041.67 
 203 1923.99 1890.47 2041.67 
 204 1945.52 2068.29 2041.67 
 205 1915.02 2037.52 2041.67 
 206 2119.08 2041.08 2041.67 
 207 2126.90 1712.65 2119.08 
 208 2063.62 2011.33 2126.90 
 209 2167.81 2094.43 2126.90 
 210 2161.49 1647.23 2167.81 
 211 2043.47 1940.03 2167.81 
 212 2064.49 2161.68 2167.81 
 213 2122.44 2106.02 2167.81 
 214 2350.38 2171.74 2167.81 
 215 2238.68 2609.79 2350.38 
 216 2223.51 2750.77 2350.38 
 217 2208.54 2794.46 2350.38 
 218 2364.11 2452.78 2350.38 
 219 2266.69 2020.43 2364.11 
 220 2236.95 2508.34 2364.11 
 221 2415.69 2160.23 2364.11 
 222 2412.85 1785.45 2415.69 
 223 2428.09 2691.25 2415.69 
 224 2364.38 2996.83 2428.09 
 225 2356.47 2624.85 2428.09 
 226 2223.05 2679.45 2428.09 
 227 2264.47 2639.96 2428.09 
 228 2293.16 2955.20 2428.09 
 229 2568.33 2556.07 2428.09 
 230 2426.34 2282.63 2568.33 
 231 2520.92 2638.87 2568.33 
 232 2526.27 2980.76 2568.33 
 233 2457.54 2889.37 2568.33 
 234 2768.25 2383.28 2568.33 
 235 2672.28 2940.50 2768.25 
 236 2502.54 3043.51 2768.25 
 237 2717.19 2975.91 2768.25 
 238 2576.36 3067.63 2768.25 
 239 2824.50 3064.90 2768.25 
 240 2461.54 3220.77 2824.50 
 241 2755.33 3203.18 2824.50 
 242 2756.41 3297.52 2824.50 
 243 2669.87 3312.54 2824.50 
 244 2726.56 3086.91 2824.50 
 245 2628.37 3364.46 2824.50 
 246 2706.34 2976.86 2824.50 
 247 2708.84 3123.73 2824.50 
 248 2724.08 3013.79 2824.50 
 249 2780.24 3305.46 2824.50 
 250 2673.11 3271.00 2824.50 
 251 2694.54 3150.91 2824.50 
 252 2777.80 3281.93 2824.50 
 253 2734.61 3353.70 2824.50 
 254 3052.22 3211.61 2824.50 
 255 2838.80 3126.62 3052.22 
 256 2971.56 3226.96 3052.22 
 257 2675.52 3024.29 3052.22 
 258 2918.28 2970.61 3052.22 
 259 2672.24 3244.33 3052.22 
 260 2841.56 3288.37 3052.22 
 261 2875.39 3366.88 3052.22 
 262 2612.91 3363.28 3052.22 
 263 2973.37 3190.95 3052.22 
 264 2794.05 3277.06 3052.22 
 265 2889.51 3361.83 3052.22 
 266 2790.92 3230.12 3052.22 
 267 2775.17 3206.16 3052.22 
 268 2719.05 3300.99 3052.22 
 269 2915.83 3345.47 3052.22 
 270 2799.20 3385.74 3052.22 
 271 2953.13 3262.85 3052.22 
 272 3029.77 3396.12 3052.22 
 273 2913.02 3428.72 3052.22 
 274 2836.46 3124.03 3052.22 
 275 3171.45 3150.97 3052.22 
 276 2900.46 3315.59 3171.45 
 277 2941.10 3129.01 3171.45 
 278 2980.34 3357.31 3171.45 
 279 3000.36 3119.41 3171.45 
 280 2866.51 3356.80 3171.45 
 281 3012.09 3047.39 3171.45 
 282 2910.07 2915.52 3171.45 
 283 3012.48 3114.15 3171.45 
 284 3159.33 3256.63 3171.45 
 285 3045.65 3239.80 3171.45 
 286 3149.86 3427.54 3171.45 
 287 3127.66 3422.60 3171.45 
 288 2998.78 2991.80 3171.45 
 289 3090.37 3084.82 3171.45 
 290 3113.41 2947.21 3171.45 
 291 3106.76 3109.46 3171.45 
 292 3164.73 3293.00 3171.45 
 293 3008.93 3253.32 3171.45 
 294 2982.45 3436.43 3171.45 
 295 3257.34 3474.47 3171.45 
 296 3144.19 3241.80 3257.34 
 297 3105.90 3446.91 3257.34 
 298 3288.88 3293.68 3257.34 
 299 3121.10 3006.68 3288.88 
 300 3120.17 3458.51 3288.88 
 301 3043.42 3369.00 3288.88 
 302 3147.13 3429.00 3288.88 
 303 3442.17 3549.08 3288.88 
 304 3121.49 3374.19 3442.17 
 305 3189.48 3580.33 3442.17 
 306 3307.51 3517.35 3442.17 
 307 3283.83 3526.16 3442.17 
 308 3289.63 3658.42 3442.17 
 309 3444.80 3529.24 3442.17 
 310 3239.71 3383.63 3444.80 
 311 3264.19 3430.33 3444.80 
 312 3232.53 3321.57 3444.80 
 313 3370.02 3329.95 3444.80 
 314 3462.98 3488.39 3444.80 
 315 3297.41 3523.12 3462.98 
 316 3318.49 3567.28 3462.98 
 317 3451.34 3509.67 3462.98 
 318 3140.82 3752.65 3462.98 
 319 3443.07 3650.24 3462.98 
 320 3424.33 3700.74 3462.98 
 321 3430.64 3676.23 3462.98 
 322 3197.73 3630.68 3462.98 
 323 3311.77 3634.64 3462.98 
 324 3473.36 3619.24 3462.98 
 325 3330.15 3775.85 3473.36 
 326 3352.41 3744.08 3473.36 
 327 3452.72 3661.92 3473.36 
 328 3342.68 3467.74 3473.36 
 329 3319.60 3776.42 3473.36 
 330 3357.04 3545.67 3473.36 
 331 3293.64 3449.73 3473.36 
 332 3390.44 3797.99 3473.36 
 333 3459.60 3829.39 3473.36 
 334 3481.55 3743.30 3473.36 
 335 3506.13 3751.80 3481.55 
 336 3483.40 3632.47 3506.13 
 337 3423.54 3840.92 3506.13 
 338 3418.96 3844.91 3506.13 
 339 3434.33 3964.89 3506.13 
 340 3374.75 3944.19 3506.13 
 341 3503.42 3940.96 3506.13 
 342 3500.19 3900.81 3506.13 
 343 3381.50 3784.21 3506.13 
 344 3380.95 3749.98 3506.13 
 345 3428.99 3914.85 3506.13 
 346 3314.73 3926.26 3506.13 
 347 3386.44 3163.41 3506.13 
 348 3276.09 3898.75 3506.13 
 349 3398.76 3903.93 3506.13 
 350 3336.85 3842.60 3506.13 
 351 3420.96 3826.74 3506.13 
 352 3449.54 3805.83 3506.13 
 353 3506.55 3871.69 3506.13 
 354 3490.29 3950.36 3506.55 
 355 3546.95 3968.54 3506.55 
 356 3599.72 3977.70 3546.95 
 357 3511.48 3990.56 3599.72 
 358 3491.43 3875.82 3599.72 
 359 3528.63 3992.86 3599.72 
 360 3393.10 3922.19 3599.72 
 361 3541.25 3990.00 3599.72 
 362 3617.86 3850.72 3599.72 
 363 3562.53 3826.71 3617.86 
 364 3656.31 3935.22 3617.86 
 365 3516.76 3968.14 3656.31 
 366 3558.71 3979.67 3656.31 
 367 3565.60 3912.71 3656.31 
 368 3424.38 3927.98 3656.31 
 369 3566.84 3995.29 3656.31 
 370 3575.61 3987.83 3656.31 
 371 3618.88 4017.30 3656.31 
 372 3539.89 4056.17 3656.31 
 373 3448.12 4055.45 3656.31 
 374 3566.44 3988.66 3656.31 
 375 3624.33 3985.06 3656.31 
 376 3562.48 3961.18 3656.31 
 377 3568.88 4035.46 3656.31 
 378 3518.57 3994.88 3656.31 
 379 3542.61 4085.59 3656.31 
 380 3593.73 4128.86 3656.31 
 381 3498.73 3971.36 3656.31 
 382 3555.26 3973.97 3656.31 
 383 3394.36 4085.09 3656.31 
 384 3482.65 4081.06 3656.31 
 385 3628.94 4051.92 3656.31 
 386 3651.30 4055.51 3656.31 
 387 3396.35 3997.34 3656.31 
 388 3512.03 3902.28 3656.31 
 389 3465.92 3946.48 3656.31 
 390 3603.81 4093.06 3656.31 
 391 3621.89 4078.10 3656.31 
 392 3525.76 4058.09 3656.31 
 393 3573.04 3987.43 3656.31 
 394 3722.96 4074.66 3656.31 
 395 3620.30 4026.80 3722.96 
 396 3543.42 4133.82 3722.96 
 397 3349.26 3918.39 3722.96 
 398 3539.79 4144.27 3722.96 
 399 3598.24 4049.51 3722.96 
 400 3600.84 3993.14 3722.96 
 401 3606.82 3957.04 3722.96 
 402 3704.18 3958.55 3722.96 
 403 3729.55 3851.97 3722.96 
 404 3711.79 3886.54 3729.55 
 405 3654.87 3857.78 3729.55 
 406 3762.22 3888.26 3729.55 
 407 3542.42 3970.01 3762.22 
 408 3764.33 3829.40 3762.22 
 409 3750.18 3891.92 3764.33 
 410 3571.54 3990.58 3764.33 
 411 3652.00 3694.97 3764.33 
 412 3763.97 3729.63 3764.33 
 413 3763.40 3895.28 3764.33 
 414 3599.66 3622.71 3764.33 
 415 3700.65 3620.84 3764.33 
 416 3564.75 3660.48 3764.33 
 417 3625.94 3193.21 3764.33 
 418 3385.42 3688.73 3764.33 
 419 3581.88 3732.53 3764.33 
 420 3506.78 3493.84 3764.33 
 421 3616.54 3798.56 3764.33 
 422 3732.40 3644.56 3764.33 
 423 3673.49 3432.84 3764.33 
 424 3891.24 3703.19 3764.33 
 425 3688.75 3696.47 3891.24 
 426 3747.20 3696.36 3891.24 
 427 3618.58 3617.91 3891.24 
 428 3738.47 3800.35 3891.24 
 429 3777.95 3979.96 3891.24 
 430 3629.96 3881.05 3891.24 
 431 3665.52 3941.81 3891.24 
 432 3719.23 3958.46 3891.24 
 433 3664.27 3975.35 3891.24 
 434 3764.14 3960.61 3891.24 
 435 3613.95 3853.97 3891.24 
 436 3700.64 3901.97 3891.24 
 437 3790.20 3914.45 3891.24 
 438 3834.78 3998.49 3891.24 
 439 3748.02 4094.55 3891.24 
 440 3792.51 3842.90 3891.24 
 441 3722.13 3878.70 3891.24 
 442 3685.85 4010.55 3891.24 
 443 3624.52 4024.00 3891.24 
 444 3688.62 3987.51 3891.24 
 445 3711.62 3888.61 3891.24 
 446 3616.61 4042.26 3891.24 
 447 3712.56 4016.53 3891.24 
 448 3736.00 3830.67 3891.24 
 449 3717.07 3853.93 3891.24 
 450 3760.83 4066.99 3891.24 
 451 3904.02 4147.43 3891.24 
 452 3828.17 4091.82 3904.02 
 453 3530.01 4028.00 3904.02 
 454 3857.38 3885.39 3904.02 
 455 3743.54 3869.03 3904.02 
 456 3609.71 4015.17 3904.02 
 457 3700.22 4079.48 3904.02 
 458 3686.41 3941.09 3904.02 
 459 3570.76 3833.86 3904.02 
 460 3920.38 3885.84 3904.02 
 461 3611.31 3992.90 3920.38 
 462 3757.87 3916.82 3920.38 
 463 3627.98 3945.27 3920.38 
 464 3555.26 3666.98 3920.38 
 465 3668.05 4049.43 3920.38 
 466 3761.26 3947.00 3920.38 
 467 3620.20 3992.52 3920.38 
 468 3784.78 3955.07 3920.38 
 469 3873.35 4057.56 3920.38 
 470 3693.46 3969.58 3920.38 
 471 3629.43 3961.21 3920.38 
 472 3682.30 3997.63 3920.38 
 473 3662.61 4113.08 3920.38 
 474 3758.81 3988.29 3920.38 
 475 3733.03 4089.45 3920.38 
 476 3644.84 3983.46 3920.38 
 477 3559.70 3956.70 3920.38 
 478 3559.39 4098.49 3920.38 
 479 3713.57 4227.46 3920.38 
 480 3633.54 4200.37 3920.38 
 481 3625.99 4131.39 3920.38 
 482 3756.04 4256.05 3920.38 
 483 3512.08 4100.41 3920.38 
 484 3602.19 4029.51 3920.38 
 485 3735.83 4146.30 3920.38 
 486 3868.37 4017.50 3920.38 
 487 3794.20 4103.37 3920.38 
 488 3741.44 3965.71 3920.38 
 489 3756.29 4144.16 3920.38 
 490 3629.03 3985.13 3920.38 
 491 3902.75 4025.65 3920.38 
 492 3779.57 4013.97 3920.38 
 493 3896.14 4068.38 3920.38 
 494 3715.96 4115.78 3920.38 
 495 3780.14 4068.24 3920.38 
 496 3862.76 4246.69 3920.38 
 497 3813.77 4148.82 3920.38 
 498 3872.51 4242.03 3920.38 
 499 3764.05 4208.00 3920.38 
 500 3802.72 4219.38 3920.38 
 501 3857.51 4147.75 3920.38 
 502 3933.55 4067.80 3920.38 
 503 3769.78 4263.48 3933.55 
 504 3821.01 4165.84 3933.55 
 505 3758.99 4215.53 3933.55 
 506 3716.02 4333.03 3933.55 
 507 3802.35 4275.27 3933.55 
 508 3712.92 4229.05 3933.55 
 509 3922.40 4278.11 3933.55 
 510 3791.80 4250.26 3933.55 
 511 3798.15 4265.26 3933.55 
 512 3847.98 4244.50 3933.55 
 513 3791.20 4235.27 3933.55 
 514 3691.24 4226.88 3933.55 
 515 3728.24 4172.64 3933.55 
 516 3824.00 4083.25 3933.55 
 517 3723.54 4327.19 3933.55 
 518 3873.69 4052.03 3933.55 
 519 3894.73 4152.08 3933.55 
 520 3699.34 4121.44 3933.55 
 521 4053.62 4218.65 3933.55 
 522 3887.56 4059.95 4053.62 
 523 3945.39 4046.16 4053.62 
