Iter | Sampling Pol | Evaluation Pol | Best (Sampled) 
   0 -2.16 -4.16 -100000000.00 
   1  0.32 -3.79 -2.16 
   2 -1.70 -3.72  0.32 
   3 -0.67 -2.85  0.32 
   4  0.05 -1.73  0.32 
   5 -0.39 -3.48  0.32 
   6 -2.09 -3.47  0.32 
   7 -3.34 -2.46  0.32 
   8  0.32 -1.37  0.32 
   9 -1.73  2.52  0.32 
  10  2.92  0.53  0.32 
  11 -2.34 -3.26  2.92 
  12 -2.06 -1.78  2.92 
  13 -2.25 -1.37  2.92 
  14 -0.97 -1.56  2.92 
  15 -1.31  3.85  2.92 
  16 -1.89  0.39  2.92 
  17 -2.43 -1.59  2.92 
  18 -2.13 -3.55  2.92 
  19 -3.09 -1.60  2.92 
  20 -3.13 -3.60  2.92 
  21 -3.36 -3.58  2.92 
  22 -3.91 -3.56  2.92 
  23 -4.02 -3.53  2.92 
  24 -3.28 -3.45  2.92 
  25 -3.07 -3.42  2.92 
  26 -3.14 -3.36  2.92 
  27 -3.64 -3.35  2.92 
  28 -3.92 -3.32  2.92 
  29 -3.54 -3.34  2.92 
  30 -3.77 -3.36  2.92 
  31 -3.26 -3.34  2.92 
  32 -3.56 -3.32  2.92 
  33 -2.81 -3.31  2.92 
  34 -3.55 -3.24  2.92 
  35 -3.11 -3.21  2.92 
  36 -2.46 -3.21  2.92 
  37 -3.28 -3.20  2.92 
  38 -3.01 -3.24  2.92 
  39 -3.72 -3.22  2.92 
  40 -1.16 -3.23  2.92 
  41 -3.39 -3.23  2.92 
  42 -4.23 -3.22  2.92 
  43 -4.00 -3.20  2.92 
  44 -4.05 -3.19  2.92 
  45 -3.43 -3.18  2.92 
  46 -3.60 -3.18  2.92 
  47 -3.43 -3.23  2.92 
  48 -4.06 -3.22  2.92 
  49 -4.00 -3.26  2.92 
  50 -4.18 -3.23  2.92 
  51 -4.05 -3.22  2.92 
  52 -4.06 -3.21  2.92 
  53 -4.08 -3.21  2.92 
  54 -3.95 -3.25  2.92 
  55 -3.93 -3.20  2.92 
  56 -3.99 -3.20  2.92 
  57 -4.01 -3.22  2.92 
  58 -4.09 -3.24  2.92 
  59 -4.05 -3.24  2.92 
  60 -4.00 -3.22  2.92 
  61 -3.90 -3.23  2.92 
  62 -4.05 -3.24  2.92 
  63 -4.06 -3.23  2.92 
  64 -3.98 -3.23  2.92 
  65 -3.90 -3.24  2.92 
  66 -4.13 -3.25  2.92 
  67 -3.30 -3.24  2.92 
  68 -3.49 -3.23  2.92 
  69 -4.12 -3.21  2.92 
  70 -4.05 -3.20  2.92 
  71 -3.56 -3.19  2.92 
  72 -4.11 -3.19  2.92 
  73 -4.03 -3.20  2.92 
  74 -3.91 -3.20  2.92 
  75 -4.03 -3.19  2.92 
  76 -3.76 -3.19  2.92 
  77 -4.18 -3.16  2.92 
  78 -4.14 -3.15  2.92 
  79 -4.06 -3.14  2.92 
  80 -4.10 -3.14  2.92 
  81 -3.94 -3.13  2.92 
  82 -3.47 -3.14  2.92 
  83 -3.93 -3.15  2.92 
  84 -3.94 -3.15  2.92 
  85 -2.39 -3.13  2.92 
  86 -3.85 -3.10  2.92 
  87 -3.27 -3.11  2.92 
  88 -3.56 -3.10  2.92 
  89 -1.59 -0.47  2.92 
  90 -2.22 -0.57  2.92 
  91  0.12 -3.06  2.92 
  92 -3.42 -0.84  2.92 
  93 -0.31 -0.90  2.92 
  94 -1.94  0.12  2.92 
  95  0.66  0.02  2.92 
  96  0.85 -2.74  2.92 
  97  1.28 -2.19  2.92 
  98  1.96 -2.44  2.92 
  99  1.54 -1.23  2.92 
 100  3.76  3.39  2.92 
 101  5.38  5.68  3.76 
 102  4.25  9.54  5.38 
 103 12.58  6.89  5.38 
 104 10.94 12.37 12.58 
 105 17.02  8.50 12.58 
 106 15.99  9.16 17.02 
 107 19.10 12.06 17.02 
 108 30.10 14.09 19.10 
 109 15.97 13.18 30.10 
 110 14.56 14.94 30.10 
 111 19.19 10.49 30.10 
 112 19.86  9.60 30.10 
 113 22.67 11.70 30.10 
 114 27.02 15.64 30.10 
 115 24.53 17.26 30.10 
 116 32.01 14.73 30.10 
 117 32.77 13.67 32.01 
 118 28.81 15.64 32.77 
 119 31.19 19.58 32.77 
 120 25.09 24.72 32.77 
 121 45.61 20.84 32.77 
 122 32.23 21.22 45.61 
 123 36.36 21.70 45.61 
 124 47.93 25.68 45.61 
 125 32.28 62.74 47.93 
 126 33.14 63.11 47.93 
 127 43.86 53.73 47.93 
 128 32.24 30.97 47.93 
 129 51.00 32.42 47.93 
 130 51.90 38.12 51.00 
 131 58.12 39.68 51.90 
 132 68.67 36.01 58.12 
 133 64.75 48.04 68.67 
 134 54.58 98.55 68.67 
 135 57.03 113.35 68.67 
 136 62.87 58.04 68.67 
 137 61.66 44.34 68.67 
 138 85.26 36.44 68.67 
 139 91.24 43.67 85.26 
 140 58.57 52.01 91.24 
 141 83.47 48.43 91.24 
 142 84.71 35.31 91.24 
 143 82.97 34.30 91.24 
 144 77.25 32.91 91.24 
 145 105.63 33.19 91.24 
 146 94.19 42.26 105.63 
 147 98.40 42.26 105.63 
 148 152.49 43.03 105.63 
 149 125.45 42.92 152.49 
 150 134.91 60.72 152.49 
 151 116.01 45.05 152.49 
 152 170.63 59.51 152.49 
 153 137.27 42.68 170.63 
 154 140.29 36.20 170.63 
 155 129.08 57.64 170.63 
 156 171.95 70.20 170.63 
 157 192.37 51.33 171.95 
 158 159.74 85.65 192.37 
 159 177.49 78.02 192.37 
 160 191.84 90.03 192.37 
 161 148.21 103.60 192.37 
 162 231.09 92.15 192.37 
 163 214.34 106.79 231.09 
 164 223.14 126.50 231.09 
 165 221.59 117.89 231.09 
 166 298.96 159.54 231.09 
 167 221.47 181.64 298.96 
 168 264.10 180.66 298.96 
 169 268.87 164.03 298.96 
 170 322.53 156.79 298.96 
 171 260.51 171.72 322.53 
 172 361.84 226.95 322.53 
 173 287.16 187.89 361.84 
 174 332.69 208.86 361.84 
 175 364.15 182.13 361.84 
 176 353.59 201.12 364.15 
 177 324.35 270.05 364.15 
 178 328.71 249.29 364.15 
 179 395.38 285.35 364.15 
 180 378.29 324.77 395.38 
 181 458.41 291.63 395.38 
 182 493.42 449.36 458.41 
 183 475.46 610.68 493.42 
 184 538.87 578.72 493.42 
 185 546.18 348.04 538.87 
 186 640.40 420.10 546.18 
 187 671.20 447.03 640.40 
 188 735.75 351.42 671.20 
 189 621.74 465.06 735.75 
 190 694.97 412.30 735.75 
 191 692.20 453.17 735.75 
 192 773.61 565.97 735.75 
 193 851.65 645.61 773.61 
 194 848.85 620.55 851.65 
 195 889.31 623.36 851.65 
 196 889.60 589.51 889.31 
 197 967.91 628.17 889.60 
 198 991.84 848.96 967.91 
 199 975.55 817.47 991.84 
 200 972.38 984.80 991.84 
 201 1060.56 1012.86 991.84 
 202 1079.03 935.83 1060.56 
 203 1138.19 1102.45 1079.03 
 204 1086.93 1232.52 1138.19 
 205 1219.92 1180.67 1138.19 
 206 1108.77 1002.74 1219.92 
 207 1207.33 956.62 1219.92 
 208 1245.24 1041.93 1219.92 
 209 1361.58 1069.40 1245.24 
 210 1377.25 1150.31 1361.58 
 211 1482.77 1154.14 1377.25 
 212 1452.89 1232.78 1482.77 
 213 1654.40 1229.80 1482.77 
 214 1699.24 1334.63 1654.40 
 215 1784.37 1545.14 1699.24 
 216 1672.51 1801.06 1784.37 
 217 1712.67 1285.42 1784.37 
 218 1907.97 1261.47 1784.37 
 219 1901.89 1387.20 1907.97 
 220 1850.87 1409.12 1907.97 
 221 2002.06 1440.30 1907.97 
 222 1865.85 1554.50 2002.06 
 223 1726.89 1467.44 2002.06 
 224 1827.94 1564.85 2002.06 
 225 1916.57 1500.47 2002.06 
 226 2024.73 1675.46 2002.06 
 227 1987.71 1684.56 2024.73 
 228 2167.04 1593.59 2024.73 
 229 2245.66 1698.41 2167.04 
 230 2199.27 1380.91 2245.66 
 231 2325.95 1196.03 2245.66 
 232 2396.43 1441.58 2325.95 
 233 2455.89 1826.21 2396.43 
 234 2435.87 1448.82 2455.89 
 235 2501.79 1907.78 2455.89 
 236 2507.59 1520.65 2501.79 
 237 2666.54 1630.37 2507.59 
 238 2754.19 1542.93 2666.54 
 239 2817.20 1895.58 2754.19 
 240 2565.48 1447.84 2817.20 
 241 2900.94 1705.17 2817.20 
 242 3009.28 2026.49 2900.94 
 243 2958.48 2224.15 3009.28 
 244 3024.98 2204.45 3009.28 
 245 2959.72 2286.63 3024.98 
 246 2906.47 2168.67 3024.98 
 247 3065.95 2226.38 3024.98 
 248 3099.66 2545.02 3065.95 
 249 2966.65 2265.92 3099.66 
 250 3044.00 2541.51 3099.66 
 251 3031.20 2598.66 3099.66 
 252 3190.84 2678.65 3099.66 
 253 3220.78 2586.95 3190.84 
 254 3326.43 2633.46 3220.78 
 255 3352.60 2774.84 3326.43 
 256 3278.82 2768.02 3352.60 
 257 3306.22 2310.42 3352.60 
 258 3335.25 2595.64 3352.60 
 259 3416.73 2487.58 3352.60 
 260 3275.31 2767.73 3416.73 
 261 3230.43 2454.09 3416.73 
 262 3265.28 2590.14 3416.73 
 263 3623.56 2763.89 3416.73 
 264 3469.41 2829.31 3623.56 
 265 3416.95 2764.68 3623.56 
 266 3439.75 2518.05 3623.56 
 267 3475.76 2859.39 3623.56 
 268 3539.28 3011.04 3623.56 
 269 3380.41 3432.15 3623.56 
 270 3443.85 3319.02 3623.56 
 271 3561.26 3226.86 3623.56 
 272 3700.32 3493.66 3623.56 
 273 3648.35 3346.15 3700.32 
 274 3424.47 3190.68 3700.32 
 275 3780.11 3312.43 3700.32 
 276 3638.22 3317.76 3780.11 
 277 3579.31 3115.07 3780.11 
 278 3661.20 2600.69 3780.11 
 279 3551.88 2918.55 3780.11 
 280 3623.87 3042.16 3780.11 
 281 3612.67 3042.32 3780.11 
 282 3572.86 3542.18 3780.11 
 283 3784.61 3233.35 3780.11 
 284 3587.84 3318.48 3784.61 
 285 3840.15 3577.63 3784.61 
 286 3764.25 3341.70 3840.15 
 287 3722.68 3550.80 3840.15 
 288 3780.14 3467.77 3840.15 
 289 3861.10 3385.65 3840.15 
 290 3835.85 3210.21 3861.10 
 291 3889.26 3552.71 3861.10 
 292 3913.54 3673.00 3889.26 
 293 3988.73 3713.57 3913.54 
 294 3850.02 3718.32 3988.73 
 295 3876.72 3738.99 3988.73 
 296 3947.70 3684.57 3988.73 
 297 3718.45 3689.70 3988.73 
 298 3872.00 3739.84 3988.73 
 299 3978.82 3843.94 3988.73 
 300 3856.08 3763.14 3988.73 
 301 3924.47 3911.07 3988.73 
 302 3875.01 3887.03 3988.73 
 303 3973.62 3791.00 3988.73 
 304 3917.98 3821.05 3988.73 
 305 4071.12 3810.39 3988.73 
 306 3972.73 3852.63 4071.12 
 307 3972.73 3933.74 4071.12 
 308 4026.08 3958.42 4071.12 
 309 3940.52 3806.39 4071.12 
 310 3897.80 3774.81 4071.12 
 311 3960.05 3759.11 4071.12 
 312 3988.42 3816.23 4071.12 
 313 4024.17 3788.67 4071.12 
 314 3951.14 3807.90 4071.12 
 315 3916.77 3497.74 4071.12 
 316 4129.26 3579.32 4071.12 
 317 4131.34 3530.59 4129.26 
 318 4131.77 3594.92 4131.34 
 319 4117.79 3262.77 4131.77 
 320 4113.75 3492.89 4131.77 
 321 4104.85 3489.84 4131.77 
 322 3958.29 3634.17 4131.77 
 323 4008.44 3573.50 4131.77 
 324 4113.50 3566.69 4131.77 
 325 3957.21 3567.14 4131.77 
 326 4105.12 3577.98 4131.77 
 327 4234.38 3858.50 4131.77 
 328 4130.92 3828.08 4234.38 
 329 4196.61 3875.03 4234.38 
 330 4076.22 3880.46 4234.38 
 331 4100.92 3819.98 4234.38 
 332 3856.75 3814.64 4234.38 
 333 4079.41 3671.59 4234.38 
 334 4117.97 3859.39 4234.38 
 335 4117.61 3721.14 4234.38 
 336 4070.73 3649.90 4234.38 
 337 4107.16 3735.22 4234.38 
 338 4227.78 3829.60 4234.38 
 339 4035.86 3820.83 4234.38 
 340 4143.57 3870.42 4234.38 
 341 4158.41 3687.18 4234.38 
 342 4188.79 3753.98 4234.38 
 343 4084.76 3843.97 4234.38 
 344 4200.02 3972.45 4234.38 
 345 4150.70 3844.95 4234.38 
 346 4256.27 3843.96 4234.38 
 347 4280.63 3971.37 4256.27 
 348 4344.14 4073.55 4280.63 
 349 4200.83 3908.91 4344.14 
 350 4134.22 3927.53 4344.14 
 351 4229.24 4038.13 4344.14 
 352 4277.89 4068.18 4344.14 
 353 4272.74 3894.70 4344.14 
 354 4312.86 4065.77 4344.14 
 355 4291.35 3774.60 4344.14 
 356 4318.39 4019.16 4344.14 
 357 4337.43 4084.96 4344.14 
 358 4305.14 4041.30 4344.14 
 359 4325.39 3979.88 4344.14 
 360 4347.34 3997.19 4344.14 
 361 4295.00 3850.70 4347.34 
 362 4324.66 3884.25 4347.34 
 363 4220.69 3607.28 4347.34 
 364 4268.19 3803.63 4347.34 
 365 4384.97 4028.26 4347.34 
 366 4365.35 3889.00 4384.97 
 367 4354.52 3889.00 4384.97 
 368 4361.62 4011.80 4384.97 
 369 4423.63 3849.92 4384.97 
 370 4246.03 3982.88 4423.63 
 371 4350.91 3984.02 4423.63 
 372 4257.92 3958.66 4423.63 
 373 4337.21 4054.65 4423.63 
 374 4291.48 3919.17 4423.63 
 375 4278.91 3838.08 4423.63 
 376 4348.59 3886.58 4423.63 
 377 4366.79 3915.63 4423.63 
 378 4254.23 3718.37 4423.63 
 379 4363.02 3995.86 4423.63 
 380 4364.46 3920.85 4423.63 
 381 4321.29 3910.57 4423.63 
 382 4291.10 4145.80 4423.63 
 383 4372.74 4190.34 4423.63 
 384 4364.29 3972.23 4423.63 
 385 4419.73 3975.47 4423.63 
 386 4341.13 4120.37 4423.63 
 387 4403.15 4312.93 4423.63 
 388 4438.71 4293.92 4423.63 
 389 4374.01 4416.95 4438.71 
 390 4417.79 4268.69 4438.71 
 391 4469.09 4295.27 4438.71 
 392 4459.07 4189.31 4469.09 
 393 4511.47 4124.67 4469.09 
 394 4395.12 4030.71 4511.47 
 395 4499.93 4030.71 4511.47 
 396 4468.87 3911.97 4511.47 
 397 4418.63 4027.37 4511.47 
 398 4448.21 4162.28 4511.47 
 399 4483.49 4134.57 4511.47 
 400 4515.00 3957.30 4511.47 
 401 4375.26 4119.07 4515.00 
 402 4483.57 4319.20 4515.00 
 403 4339.43 4208.24 4515.00 
 404 4457.15 4332.62 4515.00 
 405 4501.85 4315.12 4515.00 
 406 4558.27 4240.81 4515.00 
 407 4495.35 4318.55 4558.27 
 408 4517.92 4337.50 4558.27 
 409 4545.43 4308.64 4558.27 
 410 4439.18 4334.35 4558.27 
 411 4498.28 4257.57 4558.27 
 412 4430.49 4380.76 4558.27 
 413 4515.26 4345.97 4558.27 
 414 4478.83 4374.77 4558.27 
 415 4559.87 4251.18 4558.27 
 416 4558.13 4336.88 4559.87 
 417 4446.38 4341.55 4559.87 
 418 4515.43 4448.35 4559.87 
 419 4548.43 4492.57 4559.87 
 420 4479.79 4502.38 4559.87 
 421 4472.61 4502.91 4559.87 
 422 4578.52 4396.92 4559.87 
 423 4530.34 4420.01 4578.52 
 424 4606.66 4447.86 4578.52 
 425 4582.42 4462.81 4606.66 
 426 4532.83 4431.14 4606.66 
 427 4472.69 4481.70 4606.66 
 428 4593.71 4387.29 4606.66 
 429 4584.83 4443.13 4606.66 
 430 4565.97 4513.19 4606.66 
 431 4614.12 4459.53 4606.66 
 432 4542.10 4448.79 4614.12 
 433 4599.22 4481.95 4614.12 
 434 4641.20 4447.08 4614.12 
 435 4548.53 4464.09 4641.20 
 436 4638.50 4347.79 4641.20 
 437 4626.28 4306.38 4641.20 
 438 4603.07 4322.43 4641.20 
 439 4531.85 4346.29 4641.20 
 440 4544.57 4524.33 4641.20 
 441 4601.10 4430.69 4641.20 
 442 4536.84 4449.03 4641.20 
 443 4585.99 4496.06 4641.20 
 444 4539.46 4453.51 4641.20 
 445 4533.84 4491.89 4641.20 
 446 4548.49 4466.59 4641.20 
 447 4666.43 4542.58 4641.20 
 448 4654.23 4586.17 4666.43 
 449 4568.52 4430.70 4666.43 
 450 4643.73 4571.67 4666.43 
 451 4623.57 4552.26 4666.43 
 452 4636.26 4631.30 4666.43 
 453 4645.43 4594.30 4666.43 
 454 4616.65 4578.93 4666.43 
 455 4653.55 4617.56 4666.43 
 456 4664.26 4512.17 4666.43 
 457 4617.77 4557.98 4666.43 
 458 4664.03 4620.18 4666.43 
 459 4612.71 4630.22 4666.43 
 460 4672.94 4617.02 4666.43 
 461 4662.20 4644.99 4672.94 
 462 4693.56 4680.34 4672.94 
 463 4671.62 4739.91 4693.56 
 464 4701.01 4724.48 4693.56 
 465 4616.91 4760.31 4701.01 
 466 4687.90 4771.23 4701.01 
 467 4627.06 4753.91 4701.01 
 468 4700.48 4761.51 4701.01 
 469 4699.15 4684.62 4701.01 
 470 4664.11 4720.38 4701.01 
 471 4644.99 4697.21 4701.01 
 472 4702.97 4735.16 4701.01 
 473 4718.09 4725.88 4702.97 
 474 4644.95 4745.69 4718.09 
 475 4713.77 4608.64 4718.09 
 476 4651.58 4661.60 4718.09 
 477 4659.81 4640.21 4718.09 
 478 4704.72 4692.95 4718.09 
 479 4762.02 4706.05 4718.09 
 480 4703.02 4662.67 4762.02 
 481 4726.09 4755.32 4762.02 
 482 4635.69 4663.76 4762.02 
 483 4655.26 4694.31 4762.02 
 484 4628.08 4744.00 4762.02 
 485 4763.89 4758.05 4762.02 
 486 4715.97 4698.52 4763.89 
 487 4684.37 4767.64 4763.89 
 488 4681.69 4845.64 4763.89 
 489 4728.80 4843.20 4763.89 
 490 4752.31 4856.40 4763.89 
 491 4787.19 4867.17 4763.89 
 492 4772.02 4883.16 4787.19 
 493 4743.45 4858.85 4787.19 
 494 4671.51 4752.80 4787.19 
 495 4733.74 4804.18 4787.19 
 496 4721.97 4818.33 4787.19 
 497 4703.93 4829.66 4787.19 
 498 4774.85 4830.76 4787.19 
 499 4670.28 4849.77 4787.19 
 500 4732.06 4765.69 4787.19 
 501 4778.87 4831.84 4787.19 
 502 4790.18 4825.10 4787.19 
 503 4673.55 4832.61 4790.18 
 504 4760.30 4858.93 4790.18 
 505 4780.41 4857.02 4790.18 
 506 4806.72 4820.85 4790.18 
 507 4665.09 4747.64 4806.72 
 508 4685.28 4758.43 4806.72 
 509 4749.37 4842.20 4806.72 
 510 4770.13 4747.31 4806.72 
 511 4794.60 4717.46 4806.72 
 512 4775.17 4802.10 4806.72 
 513 4712.05 4742.96 4806.72 
 514 4718.26 4847.67 4806.72 
 515 4729.37 4888.62 4806.72 
 516 4780.79 4870.52 4806.72 
 517 4798.41 4896.64 4806.72 
 518 4783.76 4878.24 4806.72 
 519 4792.30 4803.11 4806.72 
 520 4836.87 4719.75 4806.72 
 521 4734.59 4719.68 4836.87 
 522 4724.69 4591.28 4836.87 
 523 4773.65 4765.12 4836.87 
 524 4731.61 4710.98 4836.87 
 525 4804.14 4690.88 4836.87 
 526 4786.06 4762.38 4836.87 
 527 4786.71 4814.94 4836.87 
 528 4775.94 4836.75 4836.87 
 529 4811.18 4849.86 4836.87 
 530 4730.38 4784.38 4836.87 
 531 4798.45 4848.84 4836.87 
 532 4772.44 4779.14 4836.87 
 533 4738.62 4774.86 4836.87 
 534 4795.51 4792.00 4836.87 
 535 4796.93 4756.81 4836.87 
 536 4791.39 4785.42 4836.87 
 537 4784.26 4885.47 4836.87 
 538 4773.68 4821.91 4836.87 
 539 4756.96 4860.26 4836.87 
 540 4782.44 4892.49 4836.87 
 541 4770.53 4829.84 4836.87 
 542 4769.07 4888.36 4836.87 
 543 4774.99 4870.67 4836.87 
 544 4750.71 4877.30 4836.87 
 545 4797.50 4896.27 4836.87 
 546 4743.86 4881.94 4836.87 
 547 4743.17 4888.16 4836.87 
 548 4773.09 4900.39 4836.87 
 549 4794.54 4923.77 4836.87 
 550 4777.55 4916.36 4836.87 
 551 4707.59 4889.83 4836.87 
 552 4774.82 4912.67 4836.87 
 553 4748.81 4850.00 4836.87 
 554 4833.24 4845.14 4836.87 
 555 4806.27 4811.37 4836.87 
 556 4801.19 4836.53 4836.87 
 557 4809.40 4897.12 4836.87 
 558 4836.23 4875.01 4836.87 
 559 4858.18 4824.92 4836.87 
 560 4886.52 4965.42 4858.18 
 561 4829.44 4967.86 4886.52 
 562 4839.19 4966.20 4886.52 
 563 4838.98 4978.21 4886.52 
 564 4794.96 4981.72 4886.52 
 565 4812.85 4965.48 4886.52 
 566 4750.31 4973.88 4886.52 
 567 4857.35 4927.41 4886.52 
 568 4837.61 4898.23 4886.52 
 569 4874.46 4846.25 4886.52 
 570 4826.59 4889.89 4886.52 
 571 4883.46 4899.61 4886.52 
 572 4793.09 4908.12 4886.52 
 573 4805.89 4934.96 4886.52 
 574 4850.11 4952.22 4886.52 
 575 4733.10 4911.08 4886.52 
 576 4795.28 4782.46 4886.52 
 577 4867.79 4776.04 4886.52 
 578 4906.99 4874.37 4886.52 
 579 4837.51 4839.48 4906.99 
 580 4888.62 4841.18 4906.99 
 581 4850.19 4706.01 4906.99 
 582 4857.40 4725.64 4906.99 
 583 4808.75 4707.07 4906.99 
 584 4868.98 4824.01 4906.99 
 585 4821.21 4784.76 4906.99 
 586 4830.33 4777.65 4906.99 
 587 4822.82 4761.72 4906.99 
 588 4839.93 4750.18 4906.99 
 589 4851.38 4788.07 4906.99 
 590 4866.51 4726.06 4906.99 
 591 4849.85 4786.08 4906.99 
 592 4869.83 4719.63 4906.99 
 593 4853.24 4773.15 4906.99 
 594 4887.87 4831.23 4906.99 
 595 4868.78 4856.39 4906.99 
 596 4815.56 4860.16 4906.99 
 597 4878.81 4899.28 4906.99 
 598 4878.35 4886.39 4906.99 
 599 4846.37 4841.06 4906.99 
 600 4896.49 4784.60 4906.99 
 601 4895.86 4763.10 4906.99 
 602 4881.75 4865.13 4906.99 
 603 4845.70 4814.20 4906.99 
 604 4877.66 4847.87 4906.99 
 605 4848.96 4809.29 4906.99 
 606 4872.59 4918.20 4906.99 
 607 4846.92 4953.94 4906.99 
 608 4911.79 4942.20 4906.99 
 609 4946.99 4945.19 4911.79 
 610 4889.03 4954.17 4946.99 
 611 4932.70 4913.86 4946.99 
 612 4828.19 4932.08 4946.99 
 613 4906.18 4948.82 4946.99 
 614 4929.42 4951.90 4946.99 
 615 4880.05 4963.84 4946.99 
 616 4923.65 4965.94 4946.99 
 617 4817.38 4923.70 4946.99 
 618 4934.90 4921.06 4946.99 
 619 4847.29 4955.11 4946.99 
 620 4940.53 4956.50 4946.99 
 621 4741.39 4923.87 4946.99 
 622 4907.41 4865.86 4946.99 
 623 4844.33 4908.26 4946.99 
 624 4959.82 4920.30 4946.99 
 625 4946.44 4817.42 4959.82 
 626 4887.54 4887.68 4959.82 
 627 4932.41 4836.76 4959.82 
 628 4878.85 4877.09 4959.82 
 629 4948.67 4878.09 4959.82 
 630 4936.69 4862.81 4959.82 
 631 4871.36 4838.58 4959.82 
 632 4891.51 4935.08 4959.82 
 633 4877.17 4926.53 4959.82 
 634 4962.12 4836.10 4959.82 
 635 4920.80 4743.02 4962.12 
 636 4869.88 4781.10 4962.12 
 637 4798.32 4890.37 4962.12 
 638 4899.68 4917.74 4962.12 
 639 4881.14 4944.76 4962.12 
 640 4937.84 4884.62 4962.12 
 641 4916.13 4895.07 4962.12 
 642 4949.93 4919.08 4962.12 
 643 4930.97 4894.62 4962.12 
 644 4930.52 4908.88 4962.12 
 645 4815.85 4906.17 4962.12 
 646 4900.36 4835.71 4962.12 
 647 4929.37 4871.80 4962.12 
 648 4941.69 4933.50 4962.12 
 649 4881.82 4936.28 4962.12 
 650 4925.71 4893.82 4962.12 
 651 4997.48 4931.22 4962.12 
 652 4923.88 4887.83 4997.48 
 653 4790.25 4796.05 4997.48 
 654 4936.24 4838.80 4997.48 
 655 4970.81 4825.79 4997.48 
 656 4869.65 4839.62 4997.48 
 657 4907.52 4887.01 4997.48 
 658 4977.95 4938.39 4997.48 
 659 4886.65 4836.58 4997.48 
 660 4937.53 4996.68 4997.48 
 661 4956.38 4835.49 4997.48 
 662 4928.49 4767.90 4997.48 
 663 4909.60 4830.30 4997.48 
 664 4862.48 4856.52 4997.48 
 665 4887.55 4785.79 4997.48 
 666 4896.15 4807.99 4997.48 
 667 4851.14 4937.81 4997.48 
 668 4897.24 4910.66 4997.48 
 669 4941.11 4958.55 4997.48 
 670 4947.06 4932.71 4997.48 
 671 4908.82 4950.75 4997.48 
 672 4939.53 4925.86 4997.48 
 673 4886.21 4863.80 4997.48 
 674 4936.75 4904.12 4997.48 
 675 4956.56 4861.07 4997.48 
 676 4951.00 4930.91 4997.48 
 677 4872.03 4899.77 4997.48 
 678 4913.50 4917.77 4997.48 
 679 4893.41 4805.32 4997.48 
 680 4922.54 4915.54 4997.48 
 681 4935.66 4937.99 4997.48 
 682 4883.75 4953.18 4997.48 
 683 4907.06 4878.94 4997.48 
 684 4894.43 4877.34 4997.48 
 685 4932.41 4844.52 4997.48 
 686 4845.43 4881.88 4997.48 
 687 4998.24 4765.53 4997.48 
 688 4917.70 4832.93 4998.24 
 689 4971.97 4942.85 4998.24 
 690 4935.93 4848.69 4998.24 
 691 4922.27 4924.68 4998.24 
 692 4938.86 4977.07 4998.24 
 693 4973.43 4938.11 4998.24 
 694 4952.86 4968.12 4998.24 
 695 4804.91 4947.01 4998.24 
 696 4941.63 4989.11 4998.24 
 697 4876.13 4774.83 4998.24 
 698 4919.00 4750.12 4998.24 
 699 4960.39 4693.96 4998.24 
 700 4923.93 4670.05 4998.24 
 701 4992.73 4743.76 4998.24 
 702 4992.99 4761.41 4998.24 
 703 4921.60 4766.46 4998.24 
 704 4874.53 4878.10 4998.24 
 705 4868.25 4849.39 4998.24 
 706 4958.87 4904.96 4998.24 
 707 4904.64 4847.61 4998.24 
 708 4971.62 5023.99 4998.24 
 709 4922.91 4963.86 4998.24 
 710 4943.93 4997.08 4998.24 
 711 4981.42 5020.57 4998.24 
 712 4946.76 4968.89 4998.24 
 713 4986.41 4946.92 4998.24 
 714 4948.74 5034.92 4998.24 
 715 4918.48 4917.09 4998.24 
 716 4995.31 5010.66 4998.24 
 717 4947.80 4977.15 4998.24 
 718 4950.99 4879.36 4998.24 
 719 4922.84 4931.40 4998.24 
 720 4986.92 4896.49 4998.24 
 721 4970.87 4934.36 4998.24 
 722 5022.10 4936.07 4998.24 
 723 5044.72 4926.22 5022.10 
 724 4899.79 4975.64 5044.72 
 725 4955.58 4992.11 5044.72 
 726 4946.12 4954.85 5044.72 
 727 4949.08 4938.48 5044.72 
 728 4981.56 5018.53 5044.72 
 729 4984.23 5025.24 5044.72 
 730 5000.54 4998.76 5044.72 
 731 5019.41 4984.34 5044.72 
 732 4935.96 5028.01 5044.72 
 733 5004.13 4996.26 5044.72 
 734 4995.35 5047.63 5044.72 
 735 5005.97 5055.37 5044.72 
 736 4938.83 5041.75 5044.72 
 737 5013.72 5062.84 5044.72 
 738 5000.51 5081.86 5044.72 
 739 4927.55 5034.26 5044.72 
 740 4986.30 4942.46 5044.72 
 741 4981.60 4994.97 5044.72 
 742 4949.03 4977.68 5044.72 
 743 5022.19 5023.06 5044.72 
 744 4912.04 5038.69 5044.72 
 745 5040.36 5028.46 5044.72 
 746 5013.04 5064.70 5044.72 
 747 4963.30 5012.28 5044.72 
 748 4972.80 5071.14 5044.72 
 749 5012.77 5075.23 5044.72 
 750 5024.14 5075.40 5044.72 
 751 4993.94 5067.12 5044.72 
 752 5008.25 5089.25 5044.72 
 753 4999.55 5032.23 5044.72 
 754 5008.82 5037.72 5044.72 
 755 4899.25 4921.81 5044.72 
 756 4984.81 5010.02 5044.72 
 757 4994.60 4939.07 5044.72 
 758 4967.25 4988.61 5044.72 
 759 4949.49 4890.79 5044.72 
 760 4866.19 4913.61 5044.72 
 761 5017.74 5009.56 5044.72 
 762 4919.55 5050.33 5044.72 
 763 4984.91 5036.37 5044.72 
 764 4993.48 5063.37 5044.72 
 765 4886.54 5032.60 5044.72 
 766 4871.82 5056.46 5044.72 
 767 4981.92 5057.04 5044.72 
 768 4921.15 5050.92 5044.72 
 769 4906.42 5055.71 5044.72 
 770 4966.64 5066.50 5044.72 
 771 5003.68 4976.78 5044.72 
 772 5000.20 5029.49 5044.72 
 773 4969.69 5038.06 5044.72 
 774 4956.93 5028.38 5044.72 
 775 5034.80 5103.20 5044.72 
 776 5017.90 5089.99 5044.72 
 777 4959.16 5086.46 5044.72 
 778 5026.43 5075.11 5044.72 
 779 4959.46 5029.79 5044.72 
 780 4999.12 5045.49 5044.72 
 781 4964.11 5069.37 5044.72 
 782 5050.50 4955.37 5044.72 
 783 4933.35 4970.82 5050.50 
 784 4996.44 5035.71 5050.50 
 785 5020.41 5073.58 5050.50 
 786 5027.53 5084.77 5050.50 
 787 4966.06 5050.81 5050.50 
 788 5055.16 5072.15 5050.50 
 789 5018.81 5099.47 5055.16 
 790 5024.86 5088.24 5055.16 
 791 5019.65 5085.89 5055.16 
 792 4966.65 5085.37 5055.16 
 793 5032.10 5113.20 5055.16 
 794 4971.85 5111.21 5055.16 
 795 5020.25 5109.60 5055.16 
 796 4988.44 5097.52 5055.16 
 797 4988.56 5105.64 5055.16 
 798 4993.43 5108.70 5055.16 
 799 5018.07 5114.70 5055.16 
 800 5066.38 5115.64 5055.16 
 801 4933.39 5118.64 5066.38 
 802 4980.02 5121.04 5066.38 
 803 4977.67 5119.54 5066.38 
 804 5006.20 5132.17 5066.38 
 805 5068.43 5102.18 5066.38 
 806 4961.78 5117.72 5068.43 
 807 5026.40 5113.81 5068.43 
 808 5028.60 5138.71 5068.43 
 809 4968.86 5125.94 5068.43 
 810 5008.70 5102.95 5068.43 
 811 5016.53 5148.74 5068.43 
 812 5053.96 5133.75 5068.43 
 813 4998.92 5031.99 5068.43 
 814 4958.52 5071.30 5068.43 
 815 5016.33 5124.69 5068.43 
 816 4994.98 5103.65 5068.43 
 817 5085.85 5133.50 5068.43 
 818 5046.64 5118.66 5085.85 
 819 5013.49 5132.86 5085.85 
 820 5003.77 5114.87 5085.85 
 821 5062.34 5103.06 5085.85 
 822 5022.62 5114.22 5085.85 
 823 5007.17 5080.91 5085.85 
 824 5042.75 5089.66 5085.85 
 825 5043.21 5088.78 5085.85 
 826 5077.48 5096.33 5085.85 
 827 5044.79 5007.27 5085.85 
 828 5011.41 5120.17 5085.85 
 829 4990.25 5121.15 5085.85 
 830 5046.54 5095.67 5085.85 
 831 5019.08 5095.66 5085.85 
 832 5014.31 5108.80 5085.85 
 833 5032.86 5102.86 5085.85 
 834 4961.70 5120.66 5085.85 
 835 5043.19 5127.45 5085.85 
 836 5035.07 5088.92 5085.85 
 837 5010.20 5109.29 5085.85 
 838 5077.76 5118.79 5085.85 
 839 5122.33 5139.90 5085.85 
 840 5037.26 5124.09 5122.33 
 841 5023.13 5115.72 5122.33 
 842 4983.60 5134.86 5122.33 
 843 5000.58 5146.69 5122.33 
 844 5072.37 5149.74 5122.33 
 845 5069.03 5156.81 5122.33 
 846 5097.36 5171.16 5122.33 
 847 5069.77 5162.23 5122.33 
 848 5035.15 5170.78 5122.33 
 849 4984.49 5142.80 5122.33 
 850 5076.64 5167.11 5122.33 
 851 5059.07 5139.00 5122.33 
 852 5074.11 5149.66 5122.33 
 853 5061.14 5145.12 5122.33 
 854 5108.51 5141.49 5122.33 
 855 5100.05 5158.15 5122.33 
 856 5012.72 5162.95 5122.33 
 857 5065.03 5150.42 5122.33 
 858 5045.93 5158.78 5122.33 
 859 5054.05 5161.52 5122.33 
 860 5049.29 5149.27 5122.33 
 861 5048.28 5124.44 5122.33 
 862 5010.07 5126.47 5122.33 
 863 5094.64 5104.46 5122.33 
 864 5055.01 5105.89 5122.33 
 865 5090.72 5102.26 5122.33 
 866 5060.26 5122.73 5122.33 
 867 4953.33 5133.00 5122.33 
 868 5013.49 5117.77 5122.33 
 869 5054.45 5150.01 5122.33 
 870 4999.26 5129.85 5122.33 
 871 4998.96 5156.62 5122.33 
 872 5026.80 5177.72 5122.33 
 873 5016.72 5174.88 5122.33 
 874 5018.26 5159.67 5122.33 
 875 5007.13 5156.96 5122.33 
 876 5089.03 5157.43 5122.33 
 877 5021.63 5133.67 5122.33 
 878 5126.33 5156.38 5122.33 
 879 5000.24 5136.25 5126.33 
 880 5074.39 5161.68 5126.33 
 881 5111.80 5160.22 5126.33 
 882 5057.79 5146.66 5126.33 
 883 5055.19 5172.19 5126.33 
 884 5071.00 5158.36 5126.33 
 885 5058.62 5165.20 5126.33 
 886 5045.97 5168.38 5126.33 
 887 5080.03 5132.17 5126.33 
 888 5110.93 5168.28 5126.33 
 889 5068.31 5167.67 5126.33 
 890 5074.38 5164.15 5126.33 
 891 4973.49 5170.26 5126.33 
 892 5044.31 5158.65 5126.33 
 893 5092.28 5153.79 5126.33 
 894 5050.26 5150.31 5126.33 
 895 5122.77 5139.74 5126.33 
 896 5028.60 5138.47 5126.33 
 897 5077.02 5150.83 5126.33 
 898 4998.99 5155.31 5126.33 
 899 5137.98 5162.60 5126.33 
 900 5059.91 5193.47 5137.98 
 901 5106.12 5158.03 5137.98 
 902 5109.66 5174.61 5137.98 
 903 5049.11 5145.31 5137.98 
 904 5033.35 5132.31 5137.98 
 905 5038.31 5130.76 5137.98 
 906 5112.42 5151.04 5137.98 
 907 5019.95 5120.88 5137.98 
 908 5042.54 5069.83 5137.98 
 909 5067.61 5129.47 5137.98 
 910 5081.28 5122.04 5137.98 
 911 5091.56 5104.16 5137.98 
 912 5042.58 5032.37 5137.98 
 913 5072.43 5097.14 5137.98 
 914 5112.22 5067.70 5137.98 
 915 5083.61 5123.57 5137.98 
 916 5045.21 5043.14 5137.98 
 917 5035.98 5106.71 5137.98 
 918 5037.72 5120.93 5137.98 
 919 5034.77 5133.74 5137.98 
 920 5045.76 5090.76 5137.98 
 921 5095.15 5097.80 5137.98 
 922 5084.20 5076.94 5137.98 
 923 5050.76 5125.20 5137.98 
 924 5074.74 5157.25 5137.98 
 925 5043.95 5142.85 5137.98 
 926 5040.69 5114.47 5137.98 
 927 5071.21 4986.54 5137.98 
 928 5097.74 5153.98 5137.98 
 929 5063.29 5150.01 5137.98 
 930 5059.96 5160.23 5137.98 
 931 5107.99 5127.97 5137.98 
 932 5048.88 5145.75 5137.98 
 933 5111.39 5149.19 5137.98 
 934 5027.27 5116.31 5137.98 
 935 5087.08 5160.07 5137.98 
 936 5121.41 5137.78 5137.98 
 937 5051.90 5137.35 5137.98 
 938 5045.41 5143.27 5137.98 
 939 5070.68 5177.69 5137.98 
 940 5113.11 5145.71 5137.98 
 941 5082.74 5146.72 5137.98 
 942 5096.97 5162.16 5137.98 
 943 5141.48 5166.16 5137.98 
 944 5121.20 5168.75 5141.48 
 945 5113.74 5184.91 5141.48 
 946 5130.08 5162.94 5141.48 
 947 5129.21 5154.09 5141.48 
 948 5141.85 5169.26 5141.48 
 949 5133.58 5154.69 5141.85 
 950 5117.10 5168.74 5141.85 
 951 5096.70 5137.71 5141.85 
 952 5080.74 5172.32 5141.85 
 953 5102.39 5176.95 5141.85 
 954 5125.99 5176.88 5141.85 
 955 5120.88 5164.30 5141.85 
 956 5108.92 5159.06 5141.85 
 957 5102.96 5149.63 5141.85 
 958 5077.76 5113.04 5141.85 
 959 5115.56 5124.46 5141.85 
 960 5139.40 5144.19 5141.85 
 961 5033.65 5141.90 5141.85 
 962 5047.86 5157.90 5141.85 
 963 5034.71 5165.04 5141.85 
 964 5006.17 5149.87 5141.85 
 965 5105.62 5170.41 5141.85 
 966 5117.16 5167.35 5141.85 
 967 5152.97 5179.59 5141.85 
 968 5027.34 5162.26 5152.97 
 969 5086.91 5140.08 5152.97 
 970 5100.07 5167.04 5152.97 
 971 5090.71 5167.41 5152.97 
 972 5171.46 5168.91 5152.97 
 973 5162.27 5177.66 5171.46 
 974 5112.58 5170.42 5171.46 
 975 5072.31 5076.72 5171.46 
 976 5159.90 5142.53 5171.46 
 977 5124.12 5180.99 5171.46 
 978 5165.65 5167.89 5171.46 
 979 5090.15 5187.40 5171.46 
 980 5173.68 5172.52 5171.46 
 981 5181.36 5190.78 5173.68 
 982 5140.76 5165.83 5181.36 
 983 5119.52 5155.09 5181.36 
 984 5189.66 5159.35 5181.36 
 985 5159.13 5156.57 5189.66 
 986 5147.93 5166.12 5189.66 
 987 5131.74 5209.10 5189.66 
 988 5158.74 5215.92 5189.66 
 989 5130.95 5197.75 5189.66 
 990 5109.06 5180.23 5189.66 
 991 5145.59 5043.46 5189.66 
 992 5154.31 5043.42 5189.66 
 993 5161.00 5156.42 5189.66 
 994 5162.28 5202.07 5189.66 
 995 5153.82 5183.96 5189.66 
 996 5140.13 5216.05 5189.66 
 997 5182.12 5211.54 5189.66 
 998 5124.64 5230.39 5189.66 
 999 5131.10 5215.10 5189.66 
1000 5159.42 5250.42 5189.66 
