Iter | Sampling Pol | Evaluation Pol | Best (Sampled) 
   0 -2532.25 -2066.34 -100000000.00 
   1 -2317.21 -2058.78 -2532.25 
   2 -2215.58 -2045.13 -2317.21 
   3 -2136.05 -1966.41 -2215.58 
   4 -2008.01 -1988.69 -2136.05 
   5 -1975.12 -1947.30 -2008.01 
   6 -1962.20 -1892.26 -1975.12 
   7 -1955.00 -1936.02 -1962.20 
   8 -1942.93 -1870.66 -1955.00 
   9 -1941.45 -1947.41 -1942.93 
  10 -1940.75 -1916.21 -1941.45 
  11 -1942.76 -1955.88 -1940.75 
  12 -1940.69 -1905.77 -1940.75 
  13 -1923.61 -1901.82 -1940.69 
  14 -1946.95 -1944.65 -1923.61 
  15 -1909.30 -1931.62 -1923.61 
  16 -1926.29 -1923.25 -1909.30 
  17 -1910.87 -1943.42 -1909.30 
  18 -1926.89 -1945.31 -1909.30 
  19 -1922.74 -1936.30 -1909.30 
  20 -1904.81 -1929.81 -1909.30 
  21 -1909.22 -1863.57 -1904.81 
  22 -1913.26 -1911.47 -1904.81 
  23 -1896.17 -1885.67 -1904.81 
  24 -1909.38 -1894.36 -1896.17 
  25 -1901.24 -1907.39 -1896.17 
  26 -1899.56 -1794.54 -1896.17 
  27 -1895.39 -1802.11 -1896.17 
  28 -1912.46 -1818.12 -1895.39 
  29 -1873.78 -1816.50 -1895.39 
  30 -1905.03 -1885.24 -1873.78 
  31 -1901.25 -1850.81 -1873.78 
  32 -1889.07 -1818.62 -1873.78 
  33 -1884.69 -1853.08 -1873.78 
  34 -1876.07 -1817.00 -1873.78 
  35 -1883.13 -1866.57 -1873.78 
  36 -1889.00 -1855.57 -1873.78 
  37 -1868.92 -1832.47 -1873.78 
  38 -1867.19 -1782.50 -1868.92 
  39 -1869.31 -1891.91 -1867.19 
  40 -1883.51 -1847.51 -1867.19 
  41 -1863.60 -1774.45 -1867.19 
  42 -1840.45 -1858.80 -1863.60 
  43 -1846.93 -1837.98 -1840.45 
  44 -1834.93 -1799.88 -1840.45 
  45 -1834.72 -1776.55 -1834.93 
  46 -1820.10 -1836.42 -1834.72 
  47 -1827.05 -1712.88 -1820.10 
  48 -1784.93 -1861.81 -1820.10 
  49 -1768.52 -1836.47 -1784.93 
  50 -1808.71 -1855.86 -1768.52 
  51 -1808.01 -1841.99 -1768.52 
  52 -1785.47 -1788.43 -1768.52 
  53 -1794.72 -1598.62 -1768.52 
  54 -1816.41 -1648.00 -1768.52 
  55 -1785.58 -1713.84 -1768.52 
  56 -1795.29 -1810.07 -1768.52 
  57 -1741.98 -1657.44 -1768.52 
  58 -1774.88 -1643.22 -1741.98 
  59 -1758.47 -1570.82 -1741.98 
  60 -1742.66 -1693.28 -1741.98 
  61 -1716.06 -1713.40 -1741.98 
  62 -1705.14 -1666.71 -1716.06 
  63 -1706.65 -1624.73 -1705.14 
  64 -1687.28 -1729.17 -1705.14 
  65 -1691.15 -1822.14 -1687.28 
  66 -1682.55 -1817.11 -1687.28 
  67 -1724.50 -1715.66 -1682.55 
  68 -1637.40 -1639.14 -1682.55 
  69 -1613.83 -1614.67 -1637.40 
  70 -1690.07 -1669.08 -1613.83 
  71 -1588.89 -1632.26 -1613.83 
  72 -1587.57 -1674.69 -1588.89 
  73 -1629.86 -1630.43 -1587.57 
  74 -1569.70 -1596.77 -1587.57 
  75 -1575.78 -1627.67 -1569.70 
  76 -1549.37 -1566.86 -1569.70 
  77 -1543.84 -1638.83 -1549.37 
  78 -1558.28 -1637.61 -1543.84 
  79 -1483.86 -1557.30 -1543.84 
  80 -1472.32 -1553.69 -1483.86 
  81 -1431.79 -1494.62 -1472.32 
  82 -1440.40 -1583.42 -1431.79 
  83 -1397.69 -1459.81 -1431.79 
  84 -1375.77 -1514.82 -1397.69 
  85 -1395.79 -1313.63 -1375.77 
  86 -1416.49 -1359.99 -1375.77 
  87 -1352.69 -1340.45 -1375.77 
  88 -1392.64 -1219.52 -1352.69 
  89 -1283.98 -1203.99 -1352.69 
  90 -1282.91 -1277.78 -1283.98 
  91 -1250.48 -1188.39 -1282.91 
  92 -1147.19 -1078.51 -1250.48 
  93 -1155.76 -1238.68 -1147.19 
  94 -1203.93 -994.12 -1147.19 
  95 -1211.72 -983.04 -1147.19 
  96 -1068.82 -959.01 -1147.19 
  97 -1103.42 -961.68 -1068.82 
  98 -1089.41 -875.37 -1068.82 
  99 -1144.39 -751.15 -1068.82 
 100 -1027.68 -929.43 -1068.82 
 101 -1047.81 -975.28 -1027.68 
 102 -945.97 -864.04 -1027.68 
 103 -885.56 -930.12 -945.97 
 104 -988.80 -752.83 -885.56 
 105 -913.95 -803.92 -885.56 
 106 -801.54 -762.22 -885.56 
 107 -906.08 -778.12 -801.54 
 108 -820.28 -853.56 -801.54 
 109 -803.62 -995.61 -801.54 
 110 -769.35 -901.75 -801.54 
 111 -790.53 -1021.64 -769.35 
 112 -665.67 -1034.44 -769.35 
 113 -672.99 -989.60 -665.67 
 114 -673.97 -857.19 -665.67 
 115 -740.29 -847.86 -665.67 
 116 -683.33 -879.06 -665.67 
 117 -674.13 -991.51 -665.67 
 118 -630.69 -928.98 -665.67 
 119 -553.93 -811.29 -630.69 
 120 -634.93 -764.00 -553.93 
 121 -471.84 -805.48 -553.93 
 122 -536.54 -699.67 -471.84 
 123 -601.59 -638.12 -471.84 
 124 -523.71 -565.85 -471.84 
 125 -468.69 -629.25 -471.84 
 126 -472.71 -669.11 -468.69 
 127 -440.03 -519.40 -468.69 
 128 -445.20 -632.94 -440.03 
 129 -409.38 -803.90 -440.03 
 130 -333.22 -555.68 -409.38 
 131 -418.46 -581.73 -333.22 
 132 -428.00 -668.34 -333.22 
 133 -336.17 -447.58 -333.22 
 134 -326.01 -390.54 -333.22 
 135 -264.82 -474.26 -326.01 
 136 -299.33 -564.24 -264.82 
 137 -331.66 -463.97 -264.82 
 138 -196.83 -342.52 -264.82 
 139 -251.62 -212.62 -196.83 
 140 -242.49 -403.30 -196.83 
 141 -170.73 -162.55 -196.83 
 142 -235.99 -181.20 -170.73 
 143 -172.56 -275.58 -170.73 
 144 -191.37 -185.25 -170.73 
 145 -70.33 -137.45 -170.73 
 146 -53.62 -357.57 -70.33 
 147 11.38 -289.51 -53.62 
 148 -73.18 -174.51 11.38 
 149 98.97 63.43 11.38 
 150 25.53 -244.43 98.97 
 151 -37.85 -50.15 98.97 
 152 170.84 34.62 98.97 
 153 49.58 221.76 170.84 
 154 153.63 27.94 170.84 
 155 137.31 18.01 170.84 
 156 137.38 177.92 170.84 
 157 314.60 160.40 170.84 
 158 437.96 290.37 314.60 
 159 298.27 288.58 437.96 
 160 206.99 53.89 437.96 
 161 381.16 115.70 437.96 
 162 394.90 212.30 437.96 
 163 437.29 -86.85 437.96 
 164 395.51 51.52 437.96 
 165 398.19 157.11 437.96 
 166 476.59 278.79 437.96 
 167 492.32 277.98 476.59 
 168 434.55 370.24 492.32 
 169 516.08 93.47 492.32 
 170 430.38 104.05 516.08 
 171 496.88 336.39 516.08 
 172 684.42 523.01 516.08 
 173 478.63 345.36 684.42 
 174 712.12 673.94 684.42 
 175 789.18 1035.65 712.12 
 176 543.66 886.29 789.18 
 177 553.68 659.86 789.18 
 178 610.05 722.14 789.18 
 179 751.85 658.58 789.18 
 180 599.10 400.93 789.18 
 181 858.81 700.76 789.18 
 182 945.02 700.53 858.81 
 183 730.81 723.06 945.02 
 184 912.70 825.56 945.02 
 185 903.08 966.23 945.02 
 186 914.68 768.61 945.02 
 187 890.78 959.41 945.02 
 188 955.97 1080.22 945.02 
 189 847.90 1639.66 955.97 
 190 996.16 1343.62 955.97 
 191 1060.61 1270.60 996.16 
 192 1033.34 1358.29 1060.61 
 193 1051.45 1263.29 1060.61 
 194 1016.17 1117.17 1060.61 
 195 1164.44 1177.03 1060.61 
 196 1215.08 1039.25 1164.44 
 197 1215.39 997.10 1215.08 
 198 1305.71 893.13 1215.39 
 199 1247.15 972.60 1305.71 
 200 1369.12 1343.83 1305.71 
 201 1383.78 980.02 1369.12 
 202 1222.92 1411.15 1383.78 
 203 1353.44 1230.86 1383.78 
 204 1286.06 877.99 1383.78 
 205 1437.39 1043.33 1383.78 
 206 1427.51 1010.23 1437.39 
 207 1522.87 718.96 1437.39 
 208 1452.38 924.05 1522.87 
 209 1617.21 678.01 1522.87 
 210 1422.11 975.52 1617.21 
 211 1601.03 861.19 1617.21 
 212 1470.31 1241.20 1617.21 
 213 1556.13 1157.24 1617.21 
 214 1664.69 1176.56 1617.21 
 215 1526.37 1379.69 1664.69 
 216 1728.95 944.51 1664.69 
 217 1757.12 961.60 1728.95 
 218 1735.14 1049.83 1757.12 
 219 1610.78 1507.25 1757.12 
 220 1522.76 1492.28 1757.12 
 221 1615.61 995.43 1757.12 
 222 1564.25 1195.29 1757.12 
 223 1754.39 1033.31 1757.12 
 224 1761.89 1316.83 1757.12 
 225 1658.66 1415.35 1761.89 
 226 1690.18 1787.50 1761.89 
 227 1815.66 1624.85 1761.89 
 228 1489.76 1571.05 1815.66 
 229 1894.67 1516.44 1815.66 
 230 1969.48 1558.28 1894.67 
 231 1774.82 1635.81 1969.48 
 232 1819.61 1894.35 1969.48 
 233 1840.18 1879.14 1969.48 
 234 1939.29 1694.97 1969.48 
 235 2000.19 2011.56 1969.48 
 236 1756.15 1777.84 2000.19 
 237 2065.33 2083.19 2000.19 
 238 2051.31 1920.28 2065.33 
 239 1941.27 1930.71 2065.33 
 240 1876.93 2251.34 2065.33 
 241 2199.78 2260.23 2065.33 
 242 2167.59 2343.20 2199.78 
 243 2180.03 1957.20 2199.78 
 244 2215.74 1826.73 2199.78 
 245 2010.92 2311.01 2215.74 
 246 1949.72 2299.27 2215.74 
 247 2072.83 2154.48 2215.74 
 248 2128.24 2277.35 2215.74 
 249 2082.89 2315.47 2215.74 
 250 2156.57 2363.77 2215.74 
 251 2305.20 2274.05 2215.74 
 252 2239.96 2300.10 2305.20 
 253 2302.68 2693.18 2305.20 
 254 2553.07 2453.42 2305.20 
 255 2372.21 2544.62 2553.07 
 256 2306.77 2497.18 2553.07 
 257 2213.96 2378.65 2553.07 
 258 2360.44 1849.73 2553.07 
 259 2469.99 2456.50 2553.07 
 260 2113.74 2249.20 2553.07 
 261 2334.63 2053.67 2553.07 
 262 2209.52 2467.76 2553.07 
 263 2498.15 2410.41 2553.07 
 264 2436.49 2404.09 2553.07 
 265 2517.49 2525.76 2553.07 
 266 2358.93 2561.49 2553.07 
 267 2400.95 2486.70 2553.07 
 268 2662.09 2571.97 2553.07 
 269 2570.38 2181.44 2662.09 
 270 2431.44 2293.13 2662.09 
 271 2571.65 2634.03 2662.09 
 272 2847.74 2068.80 2662.09 
 273 2400.39 1952.37 2847.74 
 274 2332.39 2414.57 2847.74 
 275 2459.46 2193.03 2847.74 
 276 2455.79 2442.57 2847.74 
 277 2427.70 2035.21 2847.74 
 278 2436.62 2078.18 2847.74 
 279 2350.39 2527.04 2847.74 
 280 2471.57 2283.93 2847.74 
 281 2472.06 2241.48 2847.74 
 282 2280.42 2392.38 2847.74 
 283 2541.10 2355.92 2847.74 
 284 2770.68 2456.00 2847.74 
 285 2668.64 2509.37 2847.74 
 286 2648.61 2344.89 2847.74 
 287 2644.49 2663.05 2847.74 
 288 2567.73 2740.50 2847.74 
 289 2559.75 2458.04 2847.74 
 290 2663.01 2707.47 2847.74 
 291 2682.62 2505.75 2847.74 
 292 2774.73 2468.97 2847.74 
 293 2559.10 2482.45 2847.74 
 294 2376.12 2886.79 2847.74 
 295 2571.13 2784.09 2847.74 
 296 2657.37 2504.27 2847.74 
 297 2571.94 2486.21 2847.74 
 298 2698.10 2836.17 2847.74 
 299 2751.06 2380.15 2847.74 
 300 2550.56 2476.10 2847.74 
 301 2753.98 2709.08 2847.74 
 302 2617.00 2284.54 2847.74 
 303 2730.87 2491.72 2847.74 
 304 2488.39 2370.86 2847.74 
 305 2462.15 2630.84 2847.74 
 306 2513.23 2684.12 2847.74 
 307 2547.67 2735.64 2847.74 
 308 2737.17 2861.23 2847.74 
 309 2654.60 2803.86 2847.74 
 310 2664.95 2479.77 2847.74 
 311 2607.47 3001.75 2847.74 
 312 2668.75 2879.95 2847.74 
 313 2774.79 3002.35 2847.74 
 314 2877.09 2863.55 2847.74 
 315 2639.03 3008.39 2877.09 
 316 2721.66 2836.64 2877.09 
 317 2727.46 3074.67 2877.09 
 318 2700.70 3187.77 2877.09 
 319 2936.30 2847.69 2877.09 
 320 2888.66 3082.52 2936.30 
 321 2993.53 3091.35 2936.30 
 322 2680.97 3191.53 2993.53 
 323 2988.74 3030.70 2993.53 
 324 2899.57 3173.57 2993.53 
 325 2962.47 3200.01 2993.53 
 326 2971.51 3161.38 2993.53 
 327 3119.92 3340.61 2993.53 
 328 2996.64 3356.32 3119.92 
 329 2840.39 3033.33 3119.92 
 330 2839.29 3067.44 3119.92 
 331 2997.92 3093.07 3119.92 
 332 3016.90 2994.02 3119.92 
 333 2991.23 2943.58 3119.92 
 334 2827.16 3074.00 3119.92 
 335 3152.87 2984.51 3119.92 
 336 3037.31 3098.44 3152.87 
 337 3095.71 2827.64 3152.87 
 338 3035.76 2810.24 3152.87 
 339 3085.65 3199.64 3152.87 
 340 3032.30 3241.62 3152.87 
 341 3131.28 2858.05 3152.87 
 342 3265.08 2948.20 3152.87 
 343 3161.86 3185.76 3265.08 
 344 2949.89 3100.70 3265.08 
 345 3089.97 2942.43 3265.08 
 346 3146.68 3212.35 3265.08 
 347 2922.38 3429.51 3265.08 
 348 3038.39 3458.83 3265.08 
 349 2866.33 3164.15 3265.08 
 350 2784.04 3154.40 3265.08 
 351 3022.96 2802.36 3265.08 
 352 3024.07 3056.43 3265.08 
 353 2946.34 3024.50 3265.08 
 354 3078.73 3190.90 3265.08 
 355 3058.91 3382.66 3265.08 
 356 3225.78 3448.77 3265.08 
 357 3174.92 3237.94 3265.08 
 358 2924.40 3432.05 3265.08 
 359 3144.93 3041.05 3265.08 
 360 3219.26 3241.34 3265.08 
 361 3077.00 3178.07 3265.08 
 362 3271.85 3017.78 3265.08 
 363 3024.04 2950.39 3271.85 
 364 3123.84 2862.35 3271.85 
 365 3304.74 2926.50 3271.85 
 366 3078.96 3039.59 3304.74 
 367 2984.46 3186.66 3304.74 
 368 3032.80 3305.09 3304.74 
 369 3089.59 3064.98 3304.74 
 370 3178.85 3006.37 3304.74 
 371 3218.97 2955.06 3304.74 
 372 3107.08 3071.09 3304.74 
 373 3106.93 3113.84 3304.74 
 374 3306.35 3427.31 3304.74 
 375 3136.06 3202.39 3306.35 
 376 3059.54 3177.30 3306.35 
 377 3026.65 3010.58 3306.35 
 378 3203.85 3191.76 3306.35 
 379 3373.68 3180.13 3306.35 
 380 3297.22 3454.27 3373.68 
 381 3138.18 3268.76 3373.68 
 382 3220.87 3196.23 3373.68 
 383 3207.29 3262.47 3373.68 
 384 2945.89 3082.00 3373.68 
 385 3277.51 3119.25 3373.68 
 386 3311.38 3368.01 3373.68 
 387 3344.13 3605.64 3373.68 
 388 3186.81 3269.88 3373.68 
 389 3092.63 3065.78 3373.68 
 390 3203.77 3160.47 3373.68 
 391 3281.83 2999.96 3373.68 
 392 3166.32 3503.67 3373.68 
 393 3257.80 3555.45 3373.68 
 394 3267.18 3523.36 3373.68 
 395 3450.26 3533.29 3373.68 
 396 3342.62 3624.66 3450.26 
 397 3182.95 3799.90 3450.26 
 398 3133.88 3578.30 3450.26 
 399 3330.75 3381.78 3450.26 
 400 3275.41 3269.77 3450.26 
 401 3341.06 3662.55 3450.26 
 402 3304.68 3275.42 3450.26 
 403 3211.52 3709.50 3450.26 
 404 3408.83 3583.82 3450.26 
 405 3368.84 3470.80 3450.26 
 406 3248.90 3600.87 3450.26 
 407 3317.43 3568.99 3450.26 
 408 3328.82 3624.78 3450.26 
 409 3487.39 3607.71 3450.26 
 410 3355.35 3680.87 3487.39 
 411 3378.26 3715.50 3487.39 
 412 3486.92 3726.08 3487.39 
 413 3328.57 3398.07 3487.39 
 414 3364.80 3058.36 3487.39 
 415 3395.21 3618.16 3487.39 
 416 3411.98 3514.24 3487.39 
 417 3423.68 3523.49 3487.39 
 418 3299.00 3528.92 3487.39 
 419 3370.59 3583.15 3487.39 
 420 3315.81 3610.40 3487.39 
 421 3529.62 3491.12 3487.39 
 422 3371.65 3531.75 3529.62 
 423 3434.43 3765.84 3529.62 
 424 3591.36 3720.40 3529.62 
 425 3374.59 3627.08 3591.36 
 426 3440.54 3611.79 3591.36 
 427 3414.40 3668.03 3591.36 
 428 3559.23 3758.24 3591.36 
 429 3412.95 3704.87 3591.36 
 430 3518.18 3637.19 3591.36 
 431 3478.30 3482.66 3591.36 
 432 3443.42 3533.05 3591.36 
 433 3370.31 3473.10 3591.36 
 434 3509.74 3328.21 3591.36 
 435 3475.79 3489.78 3591.36 
 436 3265.66 3725.24 3591.36 
 437 3459.04 3708.36 3591.36 
 438 3465.38 3663.68 3591.36 
 439 3489.37 3447.91 3591.36 
 440 3556.81 3648.34 3591.36 
 441 3341.33 3654.35 3591.36 
 442 3426.26 3546.78 3591.36 
 443 3389.49 3512.16 3591.36 
 444 3360.59 3288.25 3591.36 
 445 3573.21 3380.43 3591.36 
 446 3463.73 3552.53 3591.36 
 447 3444.26 3616.73 3591.36 
 448 3605.74 3655.55 3591.36 
 449 3567.08 3653.31 3605.74 
 450 3474.91 3738.21 3605.74 
 451 3525.28 3671.85 3605.74 
 452 3574.31 3552.02 3605.74 
 453 3578.44 3438.84 3605.74 
 454 3541.23 3651.16 3605.74 
 455 3600.70 3720.83 3605.74 
 456 3421.67 3743.16 3605.74 
 457 3447.00 3793.81 3605.74 
 458 3377.25 3550.09 3605.74 
 459 3565.64 3769.56 3605.74 
 460 3541.27 3611.02 3605.74 
 461 3472.20 3791.95 3605.74 
 462 3651.63 3843.36 3605.74 
 463 3602.70 3864.35 3651.63 
 464 3396.14 3872.63 3651.63 
 465 3486.25 3740.68 3651.63 
 466 3432.06 3750.80 3651.63 
 467 3469.91 3710.96 3651.63 
 468 3586.80 3799.56 3651.63 
 469 3503.36 3633.36 3651.63 
 470 3478.11 3747.57 3651.63 
 471 3515.52 3699.48 3651.63 
 472 3568.30 3857.79 3651.63 
 473 3660.35 3876.46 3651.63 
 474 3382.71 3705.19 3660.35 
 475 3451.42 3542.92 3660.35 
 476 3631.21 3757.57 3660.35 
 477 3527.32 3663.01 3660.35 
 478 3323.39 3575.03 3660.35 
 479 3312.49 3765.21 3660.35 
 480 3606.27 3685.89 3660.35 
 481 3226.17 3653.16 3660.35 
 482 3359.25 3538.06 3660.35 
 483 3592.43 3627.42 3660.35 
 484 3568.32 3604.95 3660.35 
 485 3490.43 3693.78 3660.35 
 486 3529.81 3472.87 3660.35 
 487 3207.31 3617.15 3660.35 
 488 3485.12 3557.22 3660.35 
 489 3555.96 3451.26 3660.35 
 490 3288.92 3612.84 3660.35 
 491 3427.43 3521.38 3660.35 
 492 3619.60 3569.12 3660.35 
 493 3483.97 3393.96 3660.35 
 494 3489.52 3678.76 3660.35 
 495 3514.25 3732.15 3660.35 
 496 3530.53 3714.66 3660.35 
 497 3610.37 3483.98 3660.35 
 498 3434.96 3739.96 3660.35 
 499 3535.98 3733.56 3660.35 
 500 3570.46 3747.81 3660.35 
