Iter | Sampling Pol | Evaluation Pol | Best (Sampled) 
   0 -2.16 -4.08 -100000000.00 
   1 -1.13 -3.77 -2.16 
   2 -1.39 -2.93 -1.13 
   3  2.63 -3.40 -1.13 
   4 -0.22 -1.07  2.63 
   5 -2.37 -3.08  2.63 
   6 -0.97 -3.41  2.63 
   7 -1.96 -3.43  2.63 
   8 -2.26 -3.47  2.63 
   9 -3.00 -3.51  2.63 
  10  2.46 -3.37  2.63 
  11 -2.66 -1.90  2.63 
  12 -1.03 -3.56  2.63 
  13 -0.20 -3.40  2.63 
  14 -0.98 -3.35  2.63 
  15 -0.57 -0.72  2.63 
  16 -1.75 -1.01  2.63 
  17 -2.88  0.05  2.63 
  18 -2.93 -3.20  2.63 
  19 -2.34 -2.14  2.63 
  20 -2.84 -1.81  2.63 
  21 -4.21 -2.26  2.63 
  22 -4.01 -3.45  2.63 
  23 -4.07 -3.54  2.63 
  24 -4.37 -3.43  2.63 
  25 -4.37 -3.58  2.63 
  26 -4.26 -3.65  2.63 
  27 -4.15 -3.69  2.63 
  28 -4.47 -3.66  2.63 
  29 -3.77 -3.68  2.63 
  30 -4.48 -3.81  2.63 
  31 -4.38 -3.85  2.63 
  32 -4.30 -3.93  2.63 
  33 -4.56 -4.05  2.63 
  34 -4.39 -4.00  2.63 
  35 -4.47 -4.10  2.63 
  36 -4.56 -4.15  2.63 
  37 -4.68 -4.21  2.63 
  38 -4.72 -4.15  2.63 
  39 -4.42 -4.24  2.63 
  40 -4.82 -4.44  2.63 
  41 -4.97 -4.63  2.63 
  42 -5.32 -4.51  2.63 
  43 -5.09 -4.64  2.63 
  44 -5.01 -4.98  2.63 
  45 -5.24 -4.84  2.63 
  46 -5.23 -5.11  2.63 
  47 -5.45 -4.96  2.63 
  48 -5.45 -5.23  2.63 
  49 -5.54 -5.05  2.63 
  50 -5.57 -5.38  2.63 
  51 -5.67 -5.22  2.63 
  52 -5.55 -5.52  2.63 
  53 -5.71 -5.34  2.63 
  54 -5.58 -5.14  2.63 
  55 -5.44 -5.34  2.63 
  56 -5.58 -5.57  2.63 
  57 -5.92 -5.39  2.63 
  58 -5.94 -5.65  2.63 
  59 -5.98 -5.50  2.63 
  60 -5.75 -5.35  2.63 
  61 -5.31 -5.61  2.63 
  62 -5.96 -5.43  2.63 
  63 -5.64 -5.65  2.63 
  64 -5.87 -5.50  2.63 
  65 -5.68 -5.71  2.63 
  66 -6.35 -5.57  2.63 
  67 -5.87 -5.41  2.63 
  68 -5.70 -5.63  2.63 
  69 -6.13 -5.47  2.63 
  70 -6.10 -5.65  2.63 
  71 -6.04 -5.53  2.63 
  72 -5.88 -5.77  2.63 
  73 -6.28 -5.61  2.63 
  74 -5.91 -5.86  2.63 
  75 -6.20 -5.68  2.63 
  76 -5.98 -5.51  2.63 
  77 -5.92 -5.71  2.63 
  78 -6.13 -5.54  2.63 
  79 -5.84 -5.71  2.63 
  80 -6.01 -5.57  2.63 
  81 -5.93 -5.79  2.63 
  82 -6.25 -5.64  2.63 
  83 -5.74 -5.81  2.63 
  84 -6.11 -5.68  2.63 
  85 -6.14 -5.85  2.63 
  86 -6.58 -5.69  2.63 
  87 -5.93 -5.90  2.63 
  88 -6.14 -5.78  2.63 
  89 -5.80 -5.96  2.63 
  90 -6.34 -5.81  2.63 
  91 -6.11 -5.66  2.63 
  92 -5.83 -5.82  2.63 
  93 -5.82 -5.69  2.63 
  94 -6.04 -5.91  2.63 
  95 -6.18 -5.75  2.63 
  96 -5.70 -5.95  2.63 
  97 -6.12 -5.79  2.63 
  98 -6.05 -6.01  2.63 
  99 -5.96 -5.84  2.63 
 100 -6.01 -6.05  2.63 
 101 -6.32 -5.91  2.63 
 102 -6.39 -5.77  2.63 
 103 -5.54 -5.99  2.63 
 104 -6.12 -5.82  2.63 
 105 -5.96 -6.05  2.63 
 106 -6.16 -5.88  2.63 
 107 -6.35 -5.72  2.63 
 108 -5.86 -5.94  2.63 
 109 -6.06 -5.78  2.63 
 110 -5.98 -5.96  2.63 
 111 -6.08 -5.81  2.63 
 112 -6.24 -5.96  2.63 
 113 -6.06 -5.80  2.63 
 114 -6.01 -5.97  2.63 
 115 -6.14 -5.82  2.63 
 116 -5.94 -6.02  2.63 
 117 -6.34 -5.81  2.63 
 118 -6.19 -6.01  2.63 
 119 -6.02 -5.85  2.63 
 120 -5.92 -6.05  2.63 
 121 -6.11 -5.90  2.63 
 122 -5.87 -6.10  2.63 
 123 -6.55 -5.95  2.63 
 124 -6.14 -5.81  2.63 
 125 -5.64 -5.98  2.63 
 126 -6.23 -5.81  2.63 
 127 -6.19 -6.01  2.63 
 128 -6.31 -5.81  2.63 
 129 -5.96 -5.96  2.63 
 130 -5.82 -5.81  2.63 
 131 -6.08 -5.96  2.63 
 132 -6.33 -5.78  2.63 
 133 -5.85 -5.94  2.63 
 134 -6.45 -5.81  2.63 
 135 -5.87 -6.00  2.63 
 136 -5.91 -5.84  2.63 
 137 -6.12 -6.04  2.63 
 138 -6.08 -5.90  2.63 
 139 -5.72 -6.05  2.63 
 140 -6.15 -5.90  2.63 
 141 -6.11 -6.09  2.63 
 142 -6.39 -5.95  2.63 
 143 -6.14 -6.14  2.63 
 144 -6.21 -6.01  2.63 
 145 -6.00 -5.86  2.63 
 146 -5.94 -6.00  2.63 
 147 -5.93 -5.86  2.63 
 148 -5.60 -6.05  2.63 
 149 -6.30 -5.91  2.63 
 150 -5.96 -6.09  2.63 
 151 -6.25 -5.95  2.63 
 152 -5.78 -6.13  2.63 
 153 -6.11 -5.94  2.63 
 154 -6.11 -6.12  2.63 
 155 -6.29 -5.98  2.63 
 156 -6.14 -5.85  2.63 
 157 -6.11 -6.03  2.63 
 158 -6.24 -5.90  2.63 
 159 -6.05 -6.11  2.63 
 160 -6.44 -5.96  2.63 
 161 -6.44 -6.14  2.63 
 162 -6.19 -6.00  2.63 
 163 -6.13 -6.18  2.63 
 164 -5.83 -6.03  2.63 
 165 -5.96 -5.89  2.63 
 166 -5.75 -6.07  2.63 
 167 -6.58 -5.93  2.63 
 168 -5.90 -6.10  2.63 
 169 -6.18 -5.97  2.63 
 170 -5.89 -6.15  2.63 
 171 -6.47 -6.01  2.63 
 172 -5.81 -6.17  2.63 
 173 -6.41 -6.02  2.63 
 174 -5.91 -6.17  2.63 
 175 -6.42 -6.04  2.63 
 176 -5.96 -5.89  2.63 
 177 -6.26 -6.06  2.63 
 178 -6.16 -5.93  2.63 
 179 -5.86 -6.10  2.63 
 180 -6.21 -5.97  2.63 
 181 -6.22 -6.14  2.63 
 182 -6.18 -6.00  2.63 
 183 -6.16 -6.17  2.63 
 184 -6.36 -6.04  2.63 
 185 -6.41 -5.90  2.63 
 186 -5.73 -6.05  2.63 
 187 -6.22 -5.91  2.63 
 188 -6.09 -6.04  2.63 
 189 -6.03 -5.91  2.63 
 190 -5.94 -6.05  2.63 
 191 -6.24 -5.93  2.63 
 192 -5.96 -6.06  2.63 
 193 -5.99 -5.92  2.63 
 194 -6.01 -6.06  2.63 
 195 -6.38 -5.93  2.63 
 196 -5.95 -6.10  2.63 
 197 -6.18 -5.98  2.63 
 198 -6.06 -6.17  2.63 
 199 -6.18 -6.05  2.63 
 200 -5.93 -5.92  2.63 
 201 -5.92 -6.09  2.63 
 202 -6.29 -5.94  2.63 
 203 -6.09 -6.06  2.63 
 204 -6.12 -5.89  2.63 
 205 -5.98 -6.02  2.63 
 206 -6.14 -5.90  2.63 
 207 -6.06 -6.05  2.63 
 208 -6.33 -5.90  2.63 
 209 -6.38 -6.05  2.63 
 210 -6.51 -5.88  2.63 
 211 -6.05 -6.04  2.63 
 212 -6.23 -5.91  2.63 
 213 -6.10 -6.04  2.63 
 214 -6.29 -5.89  2.63 
 215 -5.73 -6.03  2.63 
 216 -5.91 -5.91  2.63 
 217 -6.16 -6.03  2.63 
 218 -6.04 -5.90  2.63 
 219 -5.94 -6.03  2.63 
 220 -6.37 -5.91  2.63 
 221 -6.14 -6.07  2.63 
 222 -6.35 -5.95  2.63 
 223 -5.93 -6.08  2.63 
 224 -6.18 -5.94  2.63 
 225 -6.20 -6.09  2.63 
 226 -6.32 -5.93  2.63 
 227 -6.13 -6.10  2.63 
 228 -6.21 -5.99  2.63 
 229 -6.41 -6.14  2.63 
 230 -6.57 -6.02  2.63 
 231 -6.23 -6.16  2.63 
 232 -6.20 -6.04  2.63 
 233 -6.06 -5.91  2.63 
 234 -6.10 -6.06  2.63 
 235 -5.98 -5.93  2.63 
 236 -6.15 -6.07  2.63 
 237 -6.21 -5.96  2.63 
 238 -5.92 -6.11  2.63 
 239 -6.10 -5.96  2.63 
 240 -5.89 -6.11  2.63 
 241 -6.02 -6.00  2.63 
 242 -5.96 -5.89  2.63 
 243 -6.13 -6.03  2.63 
 244 -6.04 -5.91  2.63 
 245 -5.77 -6.03  2.63 
 246 -6.18 -5.91  2.63 
 247 -6.06 -6.06  2.63 
 248 -6.13 -5.94  2.63 
 249 -6.29 -6.08  2.63 
 250 -6.35 -5.94  2.63 
