Iter | Sampling Pol | Evaluation Pol | Best (Sampled) 
   0 -2.16 -3.81 -100000000.00 
   1 -1.35 -3.93 -2.16 
   2 -2.41 -3.74 -1.35 
   3  1.88 -3.28 -1.35 
   4  0.55 -3.22  1.88 
   5  0.29 -3.37  1.88 
   6  0.07 -3.11  1.88 
   7 -1.75 -3.37  1.88 
   8 -1.46 -3.11  1.88 
   9 -1.95 -3.34  1.88 
  10 -1.97 -2.44  1.88 
  11 -0.83 -3.04  1.88 
  12  2.32 -3.57  1.88 
  13 -1.13 -1.30  2.32 
  14  0.56 -2.50  2.32 
  15  0.12 -0.75  2.32 
  16 -0.66  1.67  2.32 
  17 -0.40 -1.12  2.32 
  18  3.03  2.46  2.32 
  19  2.12  2.22  3.03 
  20 -0.31 -1.94  3.03 
  21  0.22  0.60  3.03 
  22  1.33 -0.02  3.03 
  23  4.09  2.77  3.03 
  24  0.44  3.41  4.09 
  25  1.07  2.35  4.09 
  26  4.35  3.96  4.09 
  27  3.50  2.22  4.35 
  28  4.16  2.45  4.35 
  29  6.79  7.89  4.35 
  30  4.43  8.05  6.79 
  31  7.93  6.89  6.79 
  32  8.05 11.21  7.93 
  33  7.52 10.62  8.05 
  34  7.03 12.59  8.05 
  35  9.16 19.55  8.05 
  36  8.81  8.64  9.16 
  37  8.36 12.38  9.16 
  38  9.58 12.98  9.16 
  39 13.00 16.86  9.58 
  40  6.67 19.94 13.00 
  41 15.31 10.55 13.00 
  42 11.12 15.31 15.31 
  43  9.97 14.90 15.31 
  44 18.21 23.42 15.31 
  45 12.24 36.53 18.21 
  46 13.16 29.33 18.21 
  47 16.81 24.47 18.21 
  48 10.70 18.66 18.21 
  49 15.36 22.07 18.21 
  50 12.13 27.12 18.21 
  51 12.54 36.76 18.21 
  52 17.02 27.24 18.21 
  53 12.26 40.16 18.21 
  54 25.17 27.38 18.21 
  55 18.43 31.29 25.17 
  56 16.99 32.97 25.17 
  57 17.09 28.30 25.17 
  58 16.69 31.24 25.17 
  59 20.06 31.91 25.17 
  60 19.80 39.35 25.17 
  61 22.17 33.31 25.17 
  62 18.59 28.80 25.17 
  63 20.44 29.94 25.17 
  64 16.27 17.37 25.17 
  65 18.32 17.36 25.17 
  66 17.33 16.95 25.17 
  67 18.65 15.41 25.17 
  68 15.03  7.38 25.17 
  69 12.64 16.34 25.17 
  70 16.96 10.01 25.17 
  71 12.77  6.06 25.17 
  72 13.17  7.17 25.17 
  73 13.37 12.19 25.17 
  74 14.09 12.97 25.17 
  75 16.64  9.65 25.17 
  76 17.11  9.42 25.17 
  77 14.67  2.72 25.17 
  78 14.56  4.95 25.17 
  79 11.36  5.71 25.17 
  80 12.95  5.91 25.17 
  81 13.67  3.04 25.17 
  82 13.11  2.91 25.17 
  83 14.53  8.00 25.17 
  84 14.71  5.99 25.17 
  85 12.34  7.63 25.17 
  86 12.33  6.46 25.17 
  87 13.61  4.18 25.17 
  88 16.83  4.49 25.17 
  89 14.57  6.76 25.17 
  90 15.52  1.91 25.17 
  91 15.28  5.82 25.17 
  92 14.03  3.45 25.17 
  93 15.42  0.31 25.17 
  94 13.97  1.75 25.17 
  95 14.43  1.75 25.17 
  96 15.18  5.56 25.17 
  97 13.69  0.91 25.17 
  98 13.67 -0.40 25.17 
  99 14.80  1.53 25.17 
 100 13.14  7.92 25.17 
 101 13.54  2.91 25.17 
 102  9.71  8.49 25.17 
 103 13.78  1.71 25.17 
 104 11.42  6.98 25.17 
 105 12.84  2.17 25.17 
 106 13.54  0.41 25.17 
 107  9.27 -0.32 25.17 
 108  7.88 -1.26 25.17 
 109  8.79  2.51 25.17 
 110  7.54  0.06 25.17 
 111  9.88  1.09 25.17 
 112  6.85  0.72 25.17 
 113  9.80  0.10 25.17 
 114  9.26  1.55 25.17 
 115  6.72  4.14 25.17 
 116  8.08  1.72 25.17 
 117  7.67  0.51 25.17 
 118  7.68 -0.63 25.17 
 119  7.78  1.56 25.17 
 120  9.45 -1.22 25.17 
 121  8.55 -0.54 25.17 
 122  8.22 -1.18 25.17 
 123  6.85 -1.03 25.17 
 124  7.47 -1.12 25.17 
 125  7.81 -1.18 25.17 
 126  6.67  0.45 25.17 
 127  4.42  1.28 25.17 
 128  4.83  1.13 25.17 
 129  5.38  0.96 25.17 
 130  6.47 -1.19 25.17 
 131  5.41 -0.70 25.17 
 132  6.97  0.68 25.17 
 133  9.01  2.54 25.17 
 134  4.45  2.58 25.17 
 135  4.73  7.16 25.17 
 136  5.78  2.64 25.17 
 137  5.63  2.74 25.17 
 138  6.87 -0.53 25.17 
 139  5.51  2.64 25.17 
 140  5.48  2.56 25.17 
 141  4.97  2.86 25.17 
 142  4.45  4.24 25.17 
 143  3.83  3.14 25.17 
 144  5.81  2.84 25.17 
 145  4.39  2.65 25.17 
 146  5.23  1.45 25.17 
 147  5.80  1.43 25.17 
 148  5.40  2.69 25.17 
 149  3.49  3.08 25.17 
 150  3.72 -1.28 25.17 
 151  3.69  0.58 25.17 
 152  6.22 -1.34 25.17 
 153  2.93  3.39 25.17 
 154  3.90 11.25 25.17 
 155  3.43 11.78 25.17 
 156  3.23 11.52 25.17 
 157  4.22 11.84 25.17 
 158  3.70 11.46 25.17 
 159  2.34  8.50 25.17 
 160  3.33 11.48 25.17 
 161  2.64 11.79 25.17 
 162  2.40 11.32 25.17 
 163  5.34 14.70 25.17 
 164  3.61 12.22 25.17 
 165  3.31 15.26 25.17 
 166  3.98 14.16 25.17 
 167  3.39 10.35 25.17 
 168  3.77 13.08 25.17 
 169  3.87 12.33 25.17 
 170  3.24 13.26 25.17 
 171  2.65 12.10 25.17 
 172  4.63  6.29 25.17 
 173  2.14  7.58 25.17 
 174  2.75  4.76 25.17 
 175  2.07  6.86 25.17 
 176  3.68  9.55 25.17 
 177  2.52  8.01 25.17 
 178  3.24  4.67 25.17 
 179  3.32  7.25 25.17 
 180  2.96  0.97 25.17 
 181  3.65  3.97 25.17 
 182  2.73  3.36 25.17 
 183  1.43  5.19 25.17 
 184  1.84  3.36 25.17 
 185  2.83 -0.52 25.17 
 186  3.48  3.87 25.17 
 187  3.00  1.53 25.17 
 188  2.73  6.20 25.17 
 189  2.64  8.17 25.17 
 190  3.08  0.84 25.17 
 191  2.64  2.47 25.17 
 192  2.28  3.73 25.17 
 193  3.66  2.56 25.17 
 194  3.96  2.74 25.17 
 195  3.09  3.43 25.17 
 196  4.72  6.47 25.17 
 197  5.32 -0.94 25.17 
 198  2.46  3.60 25.17 
 199  5.43 -0.51 25.17 
 200  5.69  4.46 25.17 
 201  3.59  3.30 25.17 
 202  4.79  7.44 25.17 
 203  4.96  4.77 25.17 
 204  5.70 -0.46 25.17 
 205  4.12  1.12 25.17 
 206  4.05 -0.57 25.17 
 207  3.59 -1.20 25.17 
 208  2.97  3.70 25.17 
 209  2.63 -0.60 25.17 
 210  2.07  1.72 25.17 
 211  3.79  2.43 25.17 
 212  1.63  3.20 25.17 
 213  3.60  1.32 25.17 
 214  3.34  6.23 25.17 
 215  5.11 -0.89 25.17 
 216  4.75  3.42 25.17 
 217  4.89  7.46 25.17 
 218  4.31 -0.77 25.17 
 219  4.58 -0.26 25.17 
 220  1.30 -1.31 25.17 
 221  2.69 -0.14 25.17 
 222  3.06  5.43 25.17 
 223  3.49  0.18 25.17 
 224  4.79  5.87 25.17 
 225  3.62  7.09 25.17 
 226  3.96  0.84 25.17 
 227  1.65  0.04 25.17 
 228  2.20  4.86 25.17 
 229  3.58  5.61 25.17 
 230  4.10  1.40 25.17 
 231  4.35  4.58 25.17 
 232  3.76  3.99 25.17 
 233  3.57  4.26 25.17 
 234  4.25 -0.37 25.17 
 235  4.18  1.42 25.17 
 236  4.60  0.34 25.17 
 237  3.84 -0.15 25.17 
 238  4.94  1.06 25.17 
 239  3.49 -0.05 25.17 
 240  1.72 -0.23 25.17 
 241  4.62 -0.57 25.17 
 242  3.32 -0.98 25.17 
 243  3.90 -0.97 25.17 
 244  4.60 -0.93 25.17 
 245  2.50 -1.48 25.17 
 246  2.43  0.46 25.17 
 247  2.87 -1.44 25.17 
 248  2.83 -0.21 25.17 
 249  2.88 -0.70 25.17 
 250  2.49 -0.12 25.17 
 251  2.00 -1.46 25.17 
 252  2.38 -0.33 25.17 
 253  2.33  1.17 25.17 
 254  4.22 -0.57 25.17 
 255  6.05  0.90 25.17 
 256  2.69  0.78 25.17 
 257  2.77 -1.50 25.17 
 258  1.23 -0.16 25.17 
 259  2.33 -0.22 25.17 
 260  1.69 -1.49 25.17 
 261  2.98 -1.51 25.17 
 262  3.34 -0.11 25.17 
 263  1.77  0.03 25.17 
 264  2.76 -0.04 25.17 
 265  4.99 -0.14 25.17 
 266  2.10 -0.79 25.17 
 267  3.51 -1.15 25.17 
 268  3.70  0.73 25.17 
 269  4.08  1.43 25.17 
 270  3.71  0.11 25.17 
 271  5.54  1.06 25.17 
 272  3.14  1.39 25.17 
 273  5.03  0.46 25.17 
 274  3.38 -0.95 25.17 
 275  7.03 -0.78 25.17 
 276  5.02  0.54 25.17 
 277  7.35 -0.89 25.17 
 278  6.42  0.11 25.17 
 279  7.51  0.42 25.17 
 280 12.44 -0.67 25.17 
 281 10.94  1.78 25.17 
 282 13.99  3.45 25.17 
 283 27.10  5.35 25.17 
 284 27.99  7.71 27.10 
 285 35.60 19.23 27.99 
 286 48.71 16.14 35.60 
 287 60.91 44.49 48.71 
 288 53.77 37.99 60.91 
 289 77.88 34.57 60.91 
 290 98.16 53.58 77.88 
 291 88.37 68.21 98.16 
 292 116.02 125.64 98.16 
 293 69.03 69.56 116.02 
 294 106.30 74.32 116.02 
 295 121.76 165.21 116.02 
 296 129.86 174.80 121.76 
 297 119.40 162.44 129.86 
 298 185.15 183.80 129.86 
 299 121.87 150.83 185.15 
 300 131.15 159.82 185.15 
 301 192.02 147.20 185.15 
 302 188.01 156.79 192.02 
 303 199.27 150.66 192.02 
 304 183.35 235.25 199.27 
 305 224.08 251.99 199.27 
 306 227.77 340.65 224.08 
 307 213.33 189.51 227.77 
 308 200.60 252.10 227.77 
 309 267.65 200.72 227.77 
 310 246.33 264.88 267.65 
 311 208.89 203.96 267.65 
 312 227.98 225.23 267.65 
 313 256.35 239.78 267.65 
 314 303.76 291.60 267.65 
 315 281.67 278.45 303.76 
 316 279.48 326.04 303.76 
 317 314.88 254.22 303.76 
 318 310.73 288.20 314.88 
 319 358.75 327.80 314.88 
 320 367.00 308.87 358.75 
 321 373.11 331.59 367.00 
 322 326.97 355.34 373.11 
 323 363.64 361.19 373.11 
 324 455.70 392.21 373.11 
 325 347.96 408.95 455.70 
 326 434.30 385.17 455.70 
 327 423.12 458.15 455.70 
 328 387.51 424.63 455.70 
 329 513.04 449.28 455.70 
 330 402.84 388.37 513.04 
 331 504.77 399.41 513.04 
 332 548.28 377.99 513.04 
 333 475.35 418.84 548.28 
 334 545.33 424.42 548.28 
 335 591.12 430.04 548.28 
 336 623.01 468.92 591.12 
 337 580.52 504.30 623.01 
 338 578.74 490.01 623.01 
 339 681.68 515.93 623.01 
 340 725.38 570.43 681.68 
 341 694.69 603.18 725.38 
 342 751.41 595.94 725.38 
 343 666.45 586.56 751.41 
 344 710.54 638.72 751.41 
 345 742.31 625.38 751.41 
 346 812.49 750.70 751.41 
 347 897.42 718.33 812.49 
 348 930.55 690.92 897.42 
 349 915.10 706.07 930.55 
 350 1070.04 815.93 930.55 
 351 1121.27 929.62 1070.04 
 352 1186.36 860.43 1121.27 
 353 1217.50 904.24 1186.36 
 354 1313.35 874.83 1217.50 
 355 1305.54 908.71 1313.35 
 356 1401.25 1112.67 1313.35 
 357 1496.71 1140.18 1401.25 
 358 1543.19 1352.84 1496.71 
 359 1625.98 1412.35 1543.19 
 360 1448.55 1381.36 1625.98 
 361 1613.71 1461.80 1625.98 
 362 1792.81 1519.96 1625.98 
 363 1516.93 1510.36 1792.81 
 364 1918.71 1437.77 1792.81 
 365 1933.73 1495.32 1918.71 
 366 1860.79 1550.31 1933.73 
 367 1903.84 1596.75 1933.73 
 368 1788.18 1670.32 1933.73 
 369 1901.41 1546.95 1933.73 
 370 2071.69 1883.74 1933.73 
 371 2213.15 1892.57 2071.69 
 372 2164.00 1866.96 2213.15 
 373 2253.80 1939.28 2213.15 
 374 2353.53 2065.23 2253.80 
 375 2516.40 2307.14 2353.53 
 376 2429.85 2215.86 2516.40 
 377 2395.02 2298.41 2516.40 
 378 2452.78 2441.09 2516.40 
 379 2539.30 2216.56 2516.40 
 380 2549.61 2126.79 2539.30 
 381 2679.72 2108.82 2549.61 
 382 2809.43 2173.66 2679.72 
 383 2691.25 2156.14 2809.43 
 384 2626.20 2177.95 2809.43 
 385 2763.53 2443.51 2809.43 
 386 2668.15 2287.27 2809.43 
 387 2918.41 2070.60 2809.43 
 388 2909.12 2163.83 2918.41 
 389 2779.81 2242.57 2918.41 
 390 2994.13 2261.47 2918.41 
 391 3105.67 2530.54 2994.13 
 392 2978.60 2513.73 3105.67 
 393 3177.99 2798.81 3105.67 
 394 2993.83 2690.26 3177.99 
 395 3026.97 2720.37 3177.99 
 396 3180.23 2777.90 3177.99 
 397 2970.23 2911.95 3180.23 
 398 3255.51 2904.58 3180.23 
 399 3268.64 3069.48 3255.51 
 400 3218.58 3078.78 3268.64 
 401 3286.35 3083.45 3268.64 
 402 3448.61 3171.74 3286.35 
 403 3419.58 3065.93 3448.61 
 404 3373.14 3097.95 3448.61 
 405 3435.88 3187.12 3448.61 
 406 3451.85 3148.60 3448.61 
 407 3500.63 3297.93 3451.85 
 408 3482.67 3220.99 3500.63 
 409 3357.03 3409.89 3500.63 
 410 3439.37 3443.33 3500.63 
 411 3492.10 3311.92 3500.63 
 412 3638.41 3397.22 3500.63 
 413 3578.48 3338.31 3638.41 
 414 3423.07 3374.36 3638.41 
 415 3532.57 3388.19 3638.41 
 416 3508.87 3443.33 3638.41 
 417 3622.19 3422.82 3638.41 
 418 3558.96 3499.88 3638.41 
 419 3720.02 3460.94 3638.41 
 420 3621.03 3423.17 3720.02 
 421 3655.80 3524.68 3720.02 
 422 3773.53 3364.15 3720.02 
 423 3721.25 3295.10 3773.53 
 424 3791.50 3312.15 3773.53 
 425 3846.26 3392.10 3791.50 
 426 3749.51 3331.30 3846.26 
 427 3586.03 3502.99 3846.26 
 428 3825.78 3597.50 3846.26 
 429 3789.34 3636.09 3846.26 
 430 3729.35 3627.31 3846.26 
 431 3770.45 3633.82 3846.26 
 432 3686.34 3669.20 3846.26 
 433 3804.62 3841.71 3846.26 
 434 3837.07 3764.56 3846.26 
 435 3854.04 3726.76 3846.26 
 436 3913.06 3654.12 3854.04 
 437 3915.97 3697.71 3913.06 
 438 3939.33 3789.49 3915.97 
 439 3813.87 3752.73 3939.33 
 440 3754.34 3783.99 3939.33 
 441 3920.09 3762.02 3939.33 
 442 3875.37 3820.31 3939.33 
 443 3943.35 3872.45 3939.33 
 444 3943.32 3909.84 3943.35 
 445 3950.48 3958.25 3943.35 
 446 4033.01 4003.43 3950.48 
 447 3841.22 3957.48 4033.01 
 448 3904.49 4000.31 4033.01 
 449 3834.74 3850.86 4033.01 
 450 3993.29 3725.12 4033.01 
 451 3891.21 3828.87 4033.01 
 452 4000.08 3865.65 4033.01 
 453 3955.93 3807.64 4033.01 
 454 4015.92 3738.87 4033.01 
 455 3991.75 3951.46 4033.01 
 456 4062.40 3863.58 4033.01 
 457 3899.03 3711.31 4062.40 
 458 4071.98 3684.58 4062.40 
 459 3993.70 3731.22 4071.98 
 460 4033.88 3773.21 4071.98 
 461 3921.84 3833.55 4071.98 
 462 4124.25 3901.00 4071.98 
 463 4012.54 4024.75 4124.25 
 464 4079.37 3979.39 4124.25 
 465 4036.31 3988.57 4124.25 
 466 3932.30 3883.50 4124.25 
 467 4061.90 4008.67 4124.25 
 468 4035.36 3960.02 4124.25 
 469 4009.04 4015.97 4124.25 
 470 4073.63 3857.70 4124.25 
 471 4012.04 3786.61 4124.25 
 472 3964.23 3937.00 4124.25 
 473 4097.92 3923.85 4124.25 
 474 4054.28 3935.93 4124.25 
 475 4077.74 3763.40 4124.25 
 476 4056.96 3979.60 4124.25 
 477 4021.90 3943.15 4124.25 
 478 4066.18 3900.80 4124.25 
 479 4088.54 3920.36 4124.25 
 480 4144.46 3901.57 4124.25 
 481 4095.75 4015.98 4144.46 
 482 4174.33 4009.36 4144.46 
 483 4090.48 4085.67 4174.33 
 484 4075.63 4113.75 4174.33 
 485 4200.34 4061.38 4174.33 
 486 4161.30 4142.69 4200.34 
 487 4173.71 4186.82 4200.34 
 488 4137.13 4188.49 4200.34 
 489 4173.19 4145.98 4200.34 
 490 4138.50 4214.02 4200.34 
 491 4130.76 4221.53 4200.34 
 492 4099.66 4227.09 4200.34 
 493 4214.89 4236.99 4200.34 
 494 4152.95 4229.03 4214.89 
 495 4257.74 4296.67 4214.89 
 496 4188.01 4189.27 4257.74 
 497 4191.69 4283.11 4257.74 
 498 4172.10 4262.49 4257.74 
 499 4281.42 4178.77 4257.74 
 500 4176.51 4125.08 4281.42 
 501 4268.41 4131.05 4281.42 
 502 4242.98 4200.84 4281.42 
 503 4120.58 4305.86 4281.42 
 504 4229.24 4270.31 4281.42 
 505 4151.40 4213.87 4281.42 
 506 4227.15 4078.47 4281.42 
 507 4217.18 4005.38 4281.42 
 508 4193.49 4120.29 4281.42 
 509 4214.92 4054.64 4281.42 
 510 4193.42 4161.86 4281.42 
 511 4191.86 4054.77 4281.42 
 512 4161.34 4051.81 4281.42 
 513 4198.27 4314.56 4281.42 
 514 4277.90 4383.81 4281.42 
 515 4218.73 4223.94 4281.42 
 516 4223.92 4207.12 4281.42 
 517 4197.51 4275.09 4281.42 
 518 4318.92 4284.00 4281.42 
 519 4310.94 4244.43 4318.92 
 520 4230.00 4135.14 4318.92 
 521 4169.06 4268.68 4318.92 
